datetime,Ia (A),Ib (A),Ic (A),Pa (kW),Pb (kW),Pc (kW),Ptot (kW),VAa (kVA),VAb (kVA),VAc (kVA),VAtot (kVA)
2023-09-22 00:00:00,0.0,0.0,0.0,0.0,0.0,0.0,0.0,0.0,0.0,0.0,0.0
2023-09-22 00:01:00,0.0,0.0,0.0,0.0,0.0,0.0,0.0,0.0,0.0,0.0,0.0
2023-09-22 00:02:00,0.0,0.0,0.0,0.0,0.0,0.0,0.0,0.0,0.0,0.0,0.0
2023-09-22 00:03:00,0.0,0.0,0.0,0.0,0.0,0.0,0.0,0.0,0.0,0.0,0.0
2023-09-22 00:04:00,0.0,0.0,0.0,0.0,0.0,0.0,0.0,0.0,0.0,0.0,0.0
2023-09-22 00:05:00,0.0,0.0,0.0,0.0,0.0,0.0,0.0,0.0,0.0,0.0,0.0
2023-09-22 00:06:00,0.0,0.0,0.0,0.0,0.0,0.0,0.0,0.0,0.0,0.0,0.0
2023-09-22 00:07:00,0.0,0.0,0.0,0.0,0.0,0.0,0.0,0.0,0.0,0.0,0.0
2023-09-22 00:08:00,0.0,0.0,0.0,0.0,0.0,0.0,0.0,0.0,0.0,0.0,0.0
2023-09-22 00:09:00,0.0,0.0,0.0,0.0,0.0,0.0,0.0,0.0,0.0,0.0,0.0
2023-09-22 00:10:00,0.0,0.0,0.0,0.0,0.0,0.0,0.0,0.0,0.0,0.0,0.0
2023-09-22 00:11:00,0.0,0.0,0.0,0.0,0.0,0.0,0.0,0.0,0.0,0.0,0.0
2023-09-22 00:12:00,0.0,0.0,0.0,0.0,0.0,0.0,0.0,0.0,0.0,0.0,0.0
2023-09-22 00:13:00,0.0,0.0,0.0,0.0,0.0,0.0,0.0,0.0,0.0,0.0,0.0
2023-09-22 00:14:00,0.0,0.0,0.0,0.0,0.0,0.0,0.0,0.0,0.0,0.0,0.0
2023-09-22 00:15:00,0.0,0.0,0.0,0.0,0.0,0.0,0.0,0.0,0.0,0.0,0.0
2023-09-22 00:16:00,0.0,0.0,0.0,0.0,0.0,0.0,0.0,0.0,0.0,0.0,0.0
2023-09-22 00:17:00,0.0,0.0,0.0,0.0,0.0,0.0,0.0,0.0,0.0,0.0,0.0
2023-09-22 00:18:00,0.0,0.0,0.0,0.0,0.0,0.0,0.0,0.0,0.0,0.0,0.0
2023-09-22 00:19:00,0.0,0.0,0.0,0.0,0.0,0.0,0.0,0.0,0.0,0.0,0.0
2023-09-22 00:20:00,0.0,0.0,0.0,0.0,0.0,0.0,0.0,0.0,0.0,0.0,0.0
2023-09-22 00:21:00,0.0,0.0,0.0,0.0,0.0,0.0,0.0,0.0,0.0,0.0,0.0
2023-09-22 00:22:00,0.0,0.0,0.0,0.0,0.0,0.0,0.0,0.0,0.0,0.0,0.0
2023-09-22 00:23:00,0.0,0.0,0.0,0.0,0.0,0.0,0.0,0.0,0.0,0.0,0.0
2023-09-22 00:24:00,0.0,0.0,0.0,0.0,0.0,0.0,0.0,0.0,0.0,0.0,0.0
2023-09-22 00:25:00,0.0,0.0,0.0,0.0,0.0,0.0,0.0,0.0,0.0,0.0,0.0
2023-09-22 00:26:00,0.0,0.0,0.0,0.0,0.0,0.0,0.0,0.0,0.0,0.0,0.0
2023-09-22 00:27:00,0.0,0.0,0.0,0.0,0.0,0.0,0.0,0.0,0.0,0.0,0.0
2023-09-22 00:28:00,0.0,0.0,0.0,0.0,0.0,0.0,0.0,0.0,0.0,0.0,0.0
2023-09-22 00:29:00,0.0,0.0,0.0,0.0,0.0,0.0,0.0,0.0,0.0,0.0,0.0
2023-09-22 00:30:00,0.0,0.0,0.0,0.0,0.0,0.0,0.0,0.0,0.0,0.0,0.0
2023-09-22 00:31:00,0.0,0.0,0.0,0.0,0.0,0.0,0.0,0.0,0.0,0.0,0.0
2023-09-22 00:32:00,0.0,0.0,0.0,0.0,0.0,0.0,0.0,0.0,0.0,0.0,0.0
2023-09-22 00:33:00,0.0,0.0,0.0,0.0,0.0,0.0,0.0,0.0,0.0,0.0,0.0
2023-09-22 00:34:00,0.0,0.0,0.0,0.0,0.0,0.0,0.0,0.0,0.0,0.0,0.0
2023-09-22 00:35:00,0.0,0.0,0.0,0.0,0.0,0.0,0.0,0.0,0.0,0.0,0.0
2023-09-22 00:36:00,0.0,0.0,0.0,0.0,0.0,0.0,0.0,0.0,0.0,0.0,0.0
2023-09-22 00:37:00,0.0,0.0,0.0,0.0,0.0,0.0,0.0,0.0,0.0,0.0,0.0
2023-09-22 00:38:00,0.0,0.0,0.0,0.0,0.0,0.0,0.0,0.0,0.0,0.0,0.0
2023-09-22 00:39:00,0.0,0.0,0.0,0.0,0.0,0.0,0.0,0.0,0.0,0.0,0.0
2023-09-22 00:40:00,0.0,0.0,0.0,0.0,0.0,0.0,0.0,0.0,0.0,0.0,0.0
2023-09-22 00:41:00,0.0,0.0,0.0,0.0,0.0,0.0,0.0,0.0,0.0,0.0,0.0
2023-09-22 00:42:00,0.0,0.0,0.0,0.0,0.0,0.0,0.0,0.0,0.0,0.0,0.0
2023-09-22 00:43:00,0.0,0.0,0.0,0.0,0.0,0.0,0.0,0.0,0.0,0.0,0.0
2023-09-22 00:44:00,0.0,0.0,0.0,0.0,0.0,0.0,0.0,0.0,0.0,0.0,0.0
2023-09-22 00:45:00,0.0,0.0,0.0,0.0,0.0,0.0,0.0,0.0,0.0,0.0,0.0
2023-09-22 00:46:00,0.0,0.0,0.0,0.0,0.0,0.0,0.0,0.0,0.0,0.0,0.0
2023-09-22 00:47:00,0.0,0.0,0.0,0.0,0.0,0.0,0.0,0.0,0.0,0.0,0.0
2023-09-22 00:48:00,0.0,0.0,0.0,0.0,0.0,0.0,0.0,0.0,0.0,0.0,0.0
2023-09-22 00:49:00,0.0,0.0,0.0,0.0,0.0,0.0,0.0,0.0,0.0,0.0,0.0
2023-09-22 00:50:00,0.0,0.0,0.0,0.0,0.0,0.0,0.0,0.0,0.0,0.0,0.0
2023-09-22 00:51:00,0.0,0.0,0.0,0.0,0.0,0.0,0.0,0.0,0.0,0.0,0.0
2023-09-22 00:52:00,0.0,0.0,0.0,0.0,0.0,0.0,0.0,0.0,0.0,0.0,0.0
2023-09-22 00:53:00,0.0,0.0,0.0,0.0,0.0,0.0,0.0,0.0,0.0,0.0,0.0
2023-09-22 00:54:00,0.0,0.0,0.0,0.0,0.0,0.0,0.0,0.0,0.0,0.0,0.0
2023-09-22 00:55:00,0.0,0.0,0.0,0.0,0.0,0.0,0.0,0.0,0.0,0.0,0.0
2023-09-22 00:56:00,0.0,0.0,0.0,0.0,0.0,0.0,0.0,0.0,0.0,0.0,0.0
2023-09-22 00:57:00,0.0,0.0,0.0,0.0,0.0,0.0,0.0,0.0,0.0,0.0,0.0
2023-09-22 00:58:00,0.0,0.0,0.0,0.0,0.0,0.0,0.0,0.0,0.0,0.0,0.0
2023-09-22 00:59:00,0.0,0.0,0.0,0.0,0.0,0.0,0.0,0.0,0.0,0.0,0.0
2023-09-22 01:00:00,0.0,0.0,0.0,0.0,0.0,0.0,0.0,0.0,0.0,0.0,0.0
2023-09-22 01:01:00,0.0,0.0,0.0,0.0,0.0,0.0,0.0,0.0,0.0,0.0,0.0
2023-09-22 01:02:00,0.0,0.0,0.0,0.0,0.0,0.0,0.0,0.0,0.0,0.0,0.0
2023-09-22 01:03:00,0.0,0.0,0.0,0.0,0.0,0.0,0.0,0.0,0.0,0.0,0.0
2023-09-22 01:04:00,0.0,0.0,0.0,0.0,0.0,0.0,0.0,0.0,0.0,0.0,0.0
2023-09-22 01:05:00,0.0,0.0,0.0,0.0,0.0,0.0,0.0,0.0,0.0,0.0,0.0
2023-09-22 01:06:00,0.0,0.0,0.0,0.0,0.0,0.0,0.0,0.0,0.0,0.0,0.0
2023-09-22 01:07:00,0.0,0.0,0.0,0.0,0.0,0.0,0.0,0.0,0.0,0.0,0.0
2023-09-22 01:08:00,0.0,0.0,0.0,0.0,0.0,0.0,0.0,0.0,0.0,0.0,0.0
2023-09-22 01:09:00,0.0,0.0,0.0,0.0,0.0,0.0,0.0,0.0,0.0,0.0,0.0
2023-09-22 01:10:00,0.0,0.0,0.0,0.0,0.0,0.0,0.0,0.0,0.0,0.0,0.0
2023-09-22 01:11:00,0.0,0.0,0.0,0.0,0.0,0.0,0.0,0.0,0.0,0.0,0.0
2023-09-22 01:12:00,0.0,0.0,0.0,0.0,0.0,0.0,0.0,0.0,0.0,0.0,0.0
2023-09-22 01:13:00,0.0,0.0,0.0,0.0,0.0,0.0,0.0,0.0,0.0,0.0,0.0
2023-09-22 01:14:00,0.0,0.0,0.0,0.0,0.0,0.0,0.0,0.0,0.0,0.0,0.0
2023-09-22 01:15:00,0.0,0.0,0.0,0.0,0.0,0.0,0.0,0.0,0.0,0.0,0.0
2023-09-22 01:16:00,0.0,0.0,0.0,0.0,0.0,0.0,0.0,0.0,0.0,0.0,0.0
2023-09-22 01:17:00,0.0,0.0,0.0,0.0,0.0,0.0,0.0,0.0,0.0,0.0,0.0
2023-09-22 01:18:00,0.0,0.0,0.0,0.0,0.0,0.0,0.0,0.0,0.0,0.0,0.0
2023-09-22 01:19:00,0.0,0.0,0.0,0.0,0.0,0.0,0.0,0.0,0.0,0.0,0.0
2023-09-22 01:20:00,0.0,0.0,0.0,0.0,0.0,0.0,0.0,0.0,0.0,0.0,0.0
2023-09-22 01:21:00,0.0,0.0,0.0,0.0,0.0,0.0,0.0,0.0,0.0,0.0,0.0
2023-09-22 01:22:00,0.0,0.0,0.0,0.0,0.0,0.0,0.0,0.0,0.0,0.0,0.0
2023-09-22 01:23:00,0.0,0.0,0.0,0.0,0.0,0.0,0.0,0.0,0.0,0.0,0.0
2023-09-22 01:24:00,0.0,0.0,0.0,0.0,0.0,0.0,0.0,0.0,0.0,0.0,0.0
2023-09-22 01:25:00,0.0,0.0,0.0,0.0,0.0,0.0,0.0,0.0,0.0,0.0,0.0
2023-09-22 01:26:00,0.0,0.0,0.0,0.0,0.0,0.0,0.0,0.0,0.0,0.0,0.0
2023-09-22 01:27:00,0.0,0.0,0.0,0.0,0.0,0.0,0.0,0.0,0.0,0.0,0.0
2023-09-22 01:28:00,0.0,0.0,0.0,0.0,0.0,0.0,0.0,0.0,0.0,0.0,0.0
2023-09-22 01:29:00,0.0,0.0,0.0,0.0,0.0,0.0,0.0,0.0,0.0,0.0,0.0
2023-09-22 01:30:00,0.0,0.0,0.0,0.0,0.0,0.0,0.0,0.0,0.0,0.0,0.0
2023-09-22 01:31:00,0.0,0.0,0.0,0.0,0.0,0.0,0.0,0.0,0.0,0.0,0.0
2023-09-22 01:32:00,0.0,0.0,0.0,0.0,0.0,0.0,0.0,0.0,0.0,0.0,0.0
2023-09-22 01:33:00,0.0,0.0,0.0,0.0,0.0,0.0,0.0,0.0,0.0,0.0,0.0
2023-09-22 01:34:00,0.0,0.0,0.0,0.0,0.0,0.0,0.0,0.0,0.0,0.0,0.0
2023-09-22 01:35:00,0.0,0.0,0.0,0.0,0.0,0.0,0.0,0.0,0.0,0.0,0.0
2023-09-22 01:36:00,0.0,0.0,0.0,0.0,0.0,0.0,0.0,0.0,0.0,0.0,0.0
2023-09-22 01:37:00,0.0,0.0,0.0,0.0,0.0,0.0,0.0,0.0,0.0,0.0,0.0
2023-09-22 01:38:00,0.0,0.0,0.0,0.0,0.0,0.0,0.0,0.0,0.0,0.0,0.0
2023-09-22 01:39:00,0.0,0.0,0.0,0.0,0.0,0.0,0.0,0.0,0.0,0.0,0.0
2023-09-22 01:40:00,0.0,0.0,0.0,0.0,0.0,0.0,0.0,0.0,0.0,0.0,0.0
2023-09-22 01:41:00,0.0,0.0,0.0,0.0,0.0,0.0,0.0,0.0,0.0,0.0,0.0
2023-09-22 01:42:00,0.0,0.0,0.0,0.0,0.0,0.0,0.0,0.0,0.0,0.0,0.0
2023-09-22 01:43:00,0.0,0.0,0.0,0.0,0.0,0.0,0.0,0.0,0.0,0.0,0.0
2023-09-22 01:44:00,0.0,0.0,0.0,0.0,0.0,0.0,0.0,0.0,0.0,0.0,0.0
2023-09-22 01:45:00,0.0,0.0,0.0,0.0,0.0,0.0,0.0,0.0,0.0,0.0,0.0
2023-09-22 01:46:00,0.0,0.0,0.0,0.0,0.0,0.0,0.0,0.0,0.0,0.0,0.0
2023-09-22 01:47:00,0.0,0.0,0.0,0.0,0.0,0.0,0.0,0.0,0.0,0.0,0.0
2023-09-22 01:48:00,0.0,0.0,0.0,0.0,0.0,0.0,0.0,0.0,0.0,0.0,0.0
2023-09-22 01:49:00,0.0,0.0,0.0,0.0,0.0,0.0,0.0,0.0,0.0,0.0,0.0
2023-09-22 01:50:00,0.0,0.0,0.0,0.0,0.0,0.0,0.0,0.0,0.0,0.0,0.0
2023-09-22 01:51:00,0.0,0.0,0.0,0.0,0.0,0.0,0.0,0.0,0.0,0.0,0.0
2023-09-22 01:52:00,0.0,0.0,0.0,0.0,0.0,0.0,0.0,0.0,0.0,0.0,0.0
2023-09-22 01:53:00,0.0,0.0,0.0,0.0,0.0,0.0,0.0,0.0,0.0,0.0,0.0
2023-09-22 01:54:00,0.0,0.0,0.0,0.0,0.0,0.0,0.0,0.0,0.0,0.0,0.0
2023-09-22 01:55:00,0.0,0.0,0.0,0.0,0.0,0.0,0.0,0.0,0.0,0.0,0.0
2023-09-22 01:56:00,0.0,0.0,0.0,0.0,0.0,0.0,0.0,0.0,0.0,0.0,0.0
2023-09-22 01:57:00,0.0,0.0,0.0,0.0,0.0,0.0,0.0,0.0,0.0,0.0,0.0
2023-09-22 01:58:00,0.0,0.0,0.0,0.0,0.0,0.0,0.0,0.0,0.0,0.0,0.0
2023-09-22 01:59:00,0.0,0.0,0.0,0.0,0.0,0.0,0.0,0.0,0.0,0.0,0.0
2023-09-22 02:00:00,0.0,0.0,0.0,0.0,0.0,0.0,0.0,0.0,0.0,0.0,0.0
2023-09-22 02:01:00,0.0,0.0,0.0,0.0,0.0,0.0,0.0,0.0,0.0,0.0,0.0
2023-09-22 02:02:00,0.0,0.0,0.0,0.0,0.0,0.0,0.0,0.0,0.0,0.0,0.0
2023-09-22 02:03:00,0.0,0.0,0.0,0.0,0.0,0.0,0.0,0.0,0.0,0.0,0.0
2023-09-22 02:04:00,0.0,0.0,0.0,0.0,0.0,0.0,0.0,0.0,0.0,0.0,0.0
2023-09-22 02:05:00,0.0,0.0,0.0,0.0,0.0,0.0,0.0,0.0,0.0,0.0,0.0
2023-09-22 02:06:00,0.0,0.0,0.0,0.0,0.0,0.0,0.0,0.0,0.0,0.0,0.0
2023-09-22 02:07:00,0.0,0.0,0.0,0.0,0.0,0.0,0.0,0.0,0.0,0.0,0.0
2023-09-22 02:08:00,0.0,0.0,0.0,0.0,0.0,0.0,0.0,0.0,0.0,0.0,0.0
2023-09-22 02:09:00,0.0,0.0,0.0,0.0,0.0,0.0,0.0,0.0,0.0,0.0,0.0
2023-09-22 02:10:00,0.0,0.0,0.0,0.0,0.0,0.0,0.0,0.0,0.0,0.0,0.0
2023-09-22 02:11:00,0.0,0.0,0.0,0.0,0.0,0.0,0.0,0.0,0.0,0.0,0.0
2023-09-22 02:12:00,0.0,0.0,0.0,0.0,0.0,0.0,0.0,0.0,0.0,0.0,0.0
2023-09-22 02:13:00,0.0,0.0,0.0,0.0,0.0,0.0,0.0,0.0,0.0,0.0,0.0
2023-09-22 02:14:00,0.0,0.0,0.0,0.0,0.0,0.0,0.0,0.0,0.0,0.0,0.0
2023-09-22 02:15:00,0.0,0.0,0.0,0.0,0.0,0.0,0.0,0.0,0.0,0.0,0.0
2023-09-22 02:16:00,0.0,0.0,0.0,0.0,0.0,0.0,0.0,0.0,0.0,0.0,0.0
2023-09-22 02:17:00,0.0,0.0,0.0,0.0,0.0,0.0,0.0,0.0,0.0,0.0,0.0
2023-09-22 02:18:00,0.0,0.0,0.0,0.0,0.0,0.0,0.0,0.0,0.0,0.0,0.0
2023-09-22 02:19:00,0.0,0.0,0.0,0.0,0.0,0.0,0.0,0.0,0.0,0.0,0.0
2023-09-22 02:20:00,0.0,0.0,0.0,0.0,0.0,0.0,0.0,0.0,0.0,0.0,0.0
2023-09-22 02:21:00,0.0,0.0,0.0,0.0,0.0,0.0,0.0,0.0,0.0,0.0,0.0
2023-09-22 02:22:00,0.0,0.0,0.0,0.0,0.0,0.0,0.0,0.0,0.0,0.0,0.0
2023-09-22 02:23:00,0.0,0.0,0.0,0.0,0.0,0.0,0.0,0.0,0.0,0.0,0.0
2023-09-22 02:24:00,0.0,0.0,0.0,0.0,0.0,0.0,0.0,0.0,0.0,0.0,0.0
2023-09-22 02:25:00,0.0,0.0,0.0,0.0,0.0,0.0,0.0,0.0,0.0,0.0,0.0
2023-09-22 02:26:00,0.0,0.0,0.0,0.0,0.0,0.0,0.0,0.0,0.0,0.0,0.0
2023-09-22 02:27:00,0.0,0.0,0.0,0.0,0.0,0.0,0.0,0.0,0.0,0.0,0.0
2023-09-22 02:28:00,0.0,0.0,0.0,0.0,0.0,0.0,0.0,0.0,0.0,0.0,0.0
2023-09-22 02:29:00,0.0,0.0,0.0,0.0,0.0,0.0,0.0,0.0,0.0,0.0,0.0
2023-09-22 02:30:00,0.0,0.0,0.0,0.0,0.0,0.0,0.0,0.0,0.0,0.0,0.0
2023-09-22 02:31:00,0.0,0.0,0.0,0.0,0.0,0.0,0.0,0.0,0.0,0.0,0.0
2023-09-22 02:32:00,0.0,0.0,0.0,0.0,0.0,0.0,0.0,0.0,0.0,0.0,0.0
2023-09-22 02:33:00,0.0,0.0,0.0,0.0,0.0,0.0,0.0,0.0,0.0,0.0,0.0
2023-09-22 02:34:00,0.0,0.0,0.0,0.0,0.0,0.0,0.0,0.0,0.0,0.0,0.0
2023-09-22 02:35:00,0.0,0.0,0.0,0.0,0.0,0.0,0.0,0.0,0.0,0.0,0.0
2023-09-22 02:36:00,0.0,0.0,0.0,0.0,0.0,0.0,0.0,0.0,0.0,0.0,0.0
2023-09-22 02:37:00,0.0,0.0,0.0,0.0,0.0,0.0,0.0,0.0,0.0,0.0,0.0
2023-09-22 02:38:00,0.0,0.0,0.0,0.0,0.0,0.0,0.0,0.0,0.0,0.0,0.0
2023-09-22 02:39:00,0.0,0.0,0.0,0.0,0.0,0.0,0.0,0.0,0.0,0.0,0.0
2023-09-22 02:40:00,0.0,0.0,0.0,0.0,0.0,0.0,0.0,0.0,0.0,0.0,0.0
2023-09-22 02:41:00,0.0,0.0,0.0,0.0,0.0,0.0,0.0,0.0,0.0,0.0,0.0
2023-09-22 02:42:00,0.0,0.0,0.0,0.0,0.0,0.0,0.0,0.0,0.0,0.0,0.0
2023-09-22 02:43:00,0.0,0.0,0.0,0.0,0.0,0.0,0.0,0.0,0.0,0.0,0.0
2023-09-22 02:44:00,0.0,0.0,0.0,0.0,0.0,0.0,0.0,0.0,0.0,0.0,0.0
2023-09-22 02:45:00,0.0,0.0,0.0,0.0,0.0,0.0,0.0,0.0,0.0,0.0,0.0
2023-09-22 02:46:00,0.0,0.0,0.0,0.0,0.0,0.0,0.0,0.0,0.0,0.0,0.0
2023-09-22 02:47:00,0.0,0.0,0.0,0.0,0.0,0.0,0.0,0.0,0.0,0.0,0.0
2023-09-22 02:48:00,0.0,0.0,0.0,0.0,0.0,0.0,0.0,0.0,0.0,0.0,0.0
2023-09-22 02:49:00,0.0,0.0,0.0,0.0,0.0,0.0,0.0,0.0,0.0,0.0,0.0
2023-09-22 02:50:00,0.0,0.0,0.0,0.0,0.0,0.0,0.0,0.0,0.0,0.0,0.0
2023-09-22 02:51:00,0.0,0.0,0.0,0.0,0.0,0.0,0.0,0.0,0.0,0.0,0.0
2023-09-22 02:52:00,0.0,0.0,0.0,0.0,0.0,0.0,0.0,0.0,0.0,0.0,0.0
2023-09-22 02:53:00,0.0,0.0,0.0,0.0,0.0,0.0,0.0,0.0,0.0,0.0,0.0
2023-09-22 02:54:00,0.0,0.0,0.0,0.0,0.0,0.0,0.0,0.0,0.0,0.0,0.0
2023-09-22 02:55:00,0.0,0.0,0.0,0.0,0.0,0.0,0.0,0.0,0.0,0.0,0.0
2023-09-22 02:56:00,0.0,0.0,0.0,0.0,0.0,0.0,0.0,0.0,0.0,0.0,0.0
2023-09-22 02:57:00,0.0,0.0,0.0,0.0,0.0,0.0,0.0,0.0,0.0,0.0,0.0
2023-09-22 02:58:00,0.0,0.0,0.0,0.0,0.0,0.0,0.0,0.0,0.0,0.0,0.0
2023-09-22 02:59:00,0.0,0.0,0.0,0.0,0.0,0.0,0.0,0.0,0.0,0.0,0.0
2023-09-22 03:00:00,0.0,0.0,0.0,0.0,0.0,0.0,0.0,0.0,0.0,0.0,0.0
2023-09-22 03:01:00,0.0,0.0,0.0,0.0,0.0,0.0,0.0,0.0,0.0,0.0,0.0
2023-09-22 03:02:00,0.0,0.0,0.0,0.0,0.0,0.0,0.0,0.0,0.0,0.0,0.0
2023-09-22 03:03:00,0.0,0.0,0.0,0.0,0.0,0.0,0.0,0.0,0.0,0.0,0.0
2023-09-22 03:04:00,0.0,0.0,0.0,0.0,0.0,0.0,0.0,0.0,0.0,0.0,0.0
2023-09-22 03:05:00,0.0,0.0,0.0,0.0,0.0,0.0,0.0,0.0,0.0,0.0,0.0
2023-09-22 03:06:00,0.0,0.0,0.0,0.0,0.0,0.0,0.0,0.0,0.0,0.0,0.0
2023-09-22 03:07:00,0.0,0.0,0.0,0.0,0.0,0.0,0.0,0.0,0.0,0.0,0.0
2023-09-22 03:08:00,0.0,0.0,0.0,0.0,0.0,0.0,0.0,0.0,0.0,0.0,0.0
2023-09-22 03:09:00,0.0,0.0,0.0,0.0,0.0,0.0,0.0,0.0,0.0,0.0,0.0
2023-09-22 03:10:00,0.0,0.0,0.0,0.0,0.0,0.0,0.0,0.0,0.0,0.0,0.0
2023-09-22 03:11:00,0.0,0.0,0.0,0.0,0.0,0.0,0.0,0.0,0.0,0.0,0.0
2023-09-22 03:12:00,0.0,0.0,0.0,0.0,0.0,0.0,0.0,0.0,0.0,0.0,0.0
2023-09-22 03:13:00,0.0,0.0,0.0,0.0,0.0,0.0,0.0,0.0,0.0,0.0,0.0
2023-09-22 03:14:00,0.0,0.0,0.0,0.0,0.0,0.0,0.0,0.0,0.0,0.0,0.0
2023-09-22 03:15:00,0.0,0.0,0.0,0.0,0.0,0.0,0.0,0.0,0.0,0.0,0.0
2023-09-22 03:16:00,0.0,0.0,0.0,0.0,0.0,0.0,0.0,0.0,0.0,0.0,0.0
2023-09-22 03:17:00,0.0,0.0,0.0,0.0,0.0,0.0,0.0,0.0,0.0,0.0,0.0
2023-09-22 03:18:00,0.0,0.0,0.0,0.0,0.0,0.0,0.0,0.0,0.0,0.0,0.0
2023-09-22 03:19:00,0.0,0.0,0.0,0.0,0.0,0.0,0.0,0.0,0.0,0.0,0.0
2023-09-22 03:20:00,0.0,0.0,0.0,0.0,0.0,0.0,0.0,0.0,0.0,0.0,0.0
2023-09-22 03:21:00,0.0,0.0,0.0,0.0,0.0,0.0,0.0,0.0,0.0,0.0,0.0
2023-09-22 03:22:00,0.0,0.0,0.0,0.0,0.0,0.0,0.0,0.0,0.0,0.0,0.0
2023-09-22 03:23:00,0.0,0.0,0.0,0.0,0.0,0.0,0.0,0.0,0.0,0.0,0.0
2023-09-22 03:24:00,0.0,0.0,0.0,0.0,0.0,0.0,0.0,0.0,0.0,0.0,0.0
2023-09-22 03:25:00,0.0,0.0,0.0,0.0,0.0,0.0,0.0,0.0,0.0,0.0,0.0
2023-09-22 03:26:00,0.0,0.0,0.0,0.0,0.0,0.0,0.0,0.0,0.0,0.0,0.0
2023-09-22 03:27:00,0.0,0.0,0.0,0.0,0.0,0.0,0.0,0.0,0.0,0.0,0.0
2023-09-22 03:28:00,0.0,0.0,0.0,0.0,0.0,0.0,0.0,0.0,0.0,0.0,0.0
2023-09-22 03:29:00,0.0,0.0,0.0,0.0,0.0,0.0,0.0,0.0,0.0,0.0,0.0
2023-09-22 03:30:00,0.0,0.0,0.0,0.0,0.0,0.0,0.0,0.0,0.0,0.0,0.0
2023-09-22 03:31:00,0.0,0.0,0.0,0.0,0.0,0.0,0.0,0.0,0.0,0.0,0.0
2023-09-22 03:32:00,0.0,0.0,0.0,0.0,0.0,0.0,0.0,0.0,0.0,0.0,0.0
2023-09-22 03:33:00,0.0,0.0,0.0,0.0,0.0,0.0,0.0,0.0,0.0,0.0,0.0
2023-09-22 03:34:00,0.0,0.0,0.0,0.0,0.0,0.0,0.0,0.0,0.0,0.0,0.0
2023-09-22 03:35:00,0.0,0.0,0.0,0.0,0.0,0.0,0.0,0.0,0.0,0.0,0.0
2023-09-22 03:36:00,0.0,0.0,0.0,0.0,0.0,0.0,0.0,0.0,0.0,0.0,0.0
2023-09-22 03:37:00,0.0,0.0,0.0,0.0,0.0,0.0,0.0,0.0,0.0,0.0,0.0
2023-09-22 03:38:00,0.0,0.0,0.0,0.0,0.0,0.0,0.0,0.0,0.0,0.0,0.0
2023-09-22 03:39:00,0.0,0.0,0.0,0.0,0.0,0.0,0.0,0.0,0.0,0.0,0.0
2023-09-22 03:40:00,0.0,0.0,0.0,0.0,0.0,0.0,0.0,0.0,0.0,0.0,0.0
2023-09-22 03:41:00,0.0,0.0,0.0,0.0,0.0,0.0,0.0,0.0,0.0,0.0,0.0
2023-09-22 03:42:00,0.0,0.0,0.0,0.0,0.0,0.0,0.0,0.0,0.0,0.0,0.0
2023-09-22 03:43:00,0.0,0.0,0.0,0.0,0.0,0.0,0.0,0.0,0.0,0.0,0.0
2023-09-22 03:44:00,0.0,0.0,0.0,0.0,0.0,0.0,0.0,0.0,0.0,0.0,0.0
2023-09-22 03:45:00,0.0,0.0,0.0,0.0,0.0,0.0,0.0,0.0,0.0,0.0,0.0
2023-09-22 03:46:00,0.0,0.0,0.0,0.0,0.0,0.0,0.0,0.0,0.0,0.0,0.0
2023-09-22 03:47:00,0.0,0.0,0.0,0.0,0.0,0.0,0.0,0.0,0.0,0.0,0.0
2023-09-22 03:48:00,0.0,0.0,0.0,0.0,0.0,0.0,0.0,0.0,0.0,0.0,0.0
2023-09-22 03:49:00,0.0,0.0,0.0,0.0,0.0,0.0,0.0,0.0,0.0,0.0,0.0
2023-09-22 03:50:00,0.0,0.0,0.0,0.0,0.0,0.0,0.0,0.0,0.0,0.0,0.0
2023-09-22 03:51:00,0.0,0.0,0.0,0.0,0.0,0.0,0.0,0.0,0.0,0.0,0.0
2023-09-22 03:52:00,0.0,0.0,0.0,0.0,0.0,0.0,0.0,0.0,0.0,0.0,0.0
2023-09-22 03:53:00,0.0,0.0,0.0,0.0,0.0,0.0,0.0,0.0,0.0,0.0,0.0
2023-09-22 03:54:00,0.0,0.0,0.0,0.0,0.0,0.0,0.0,0.0,0.0,0.0,0.0
2023-09-22 03:55:00,0.0,0.0,0.0,0.0,0.0,0.0,0.0,0.0,0.0,0.0,0.0
2023-09-22 03:56:00,0.0,0.0,0.0,0.0,0.0,0.0,0.0,0.0,0.0,0.0,0.0
2023-09-22 03:57:00,0.0,0.0,0.0,0.0,0.0,0.0,0.0,0.0,0.0,0.0,0.0
2023-09-22 03:58:00,0.0,0.0,0.0,0.0,0.0,0.0,0.0,0.0,0.0,0.0,0.0
2023-09-22 03:59:00,0.0,0.0,0.0,0.0,0.0,0.0,0.0,0.0,0.0,0.0,0.0
2023-09-22 04:00:00,0.0,0.0,0.0,0.0,0.0,0.0,0.0,0.0,0.0,0.0,0.0
2023-09-22 04:01:00,0.0,0.0,0.0,0.0,0.0,0.0,0.0,0.0,0.0,0.0,0.0
2023-09-22 04:02:00,0.0,0.0,0.0,0.0,0.0,0.0,0.0,0.0,0.0,0.0,0.0
2023-09-22 04:03:00,0.0,0.0,0.0,0.0,0.0,0.0,0.0,0.0,0.0,0.0,0.0
2023-09-22 04:04:00,0.0,0.0,0.0,0.0,0.0,0.0,0.0,0.0,0.0,0.0,0.0
2023-09-22 04:05:00,0.0,0.0,0.0,0.0,0.0,0.0,0.0,0.0,0.0,0.0,0.0
2023-09-22 04:06:00,0.0,0.0,0.0,0.0,0.0,0.0,0.0,0.0,0.0,0.0,0.0
2023-09-22 04:07:00,0.0,0.0,0.0,0.0,0.0,0.0,0.0,0.0,0.0,0.0,0.0
2023-09-22 04:08:00,0.0,0.0,0.0,0.0,0.0,0.0,0.0,0.0,0.0,0.0,0.0
2023-09-22 04:09:00,0.0,0.0,0.0,0.0,0.0,0.0,0.0,0.0,0.0,0.0,0.0
2023-09-22 04:10:00,0.0,0.0,0.0,0.0,0.0,0.0,0.0,0.0,0.0,0.0,0.0
2023-09-22 04:11:00,0.0,0.0,0.0,0.0,0.0,0.0,0.0,0.0,0.0,0.0,0.0
2023-09-22 04:12:00,0.0,0.0,0.0,0.0,0.0,0.0,0.0,0.0,0.0,0.0,0.0
2023-09-22 04:13:00,0.0,0.0,0.0,0.0,0.0,0.0,0.0,0.0,0.0,0.0,0.0
2023-09-22 04:14:00,0.0,0.0,0.0,0.0,0.0,0.0,0.0,0.0,0.0,0.0,0.0
2023-09-22 04:15:00,0.0,0.0,0.0,0.0,0.0,0.0,0.0,0.0,0.0,0.0,0.0
2023-09-22 04:16:00,0.0,0.0,0.0,0.0,0.0,0.0,0.0,0.0,0.0,0.0,0.0
2023-09-22 04:17:00,0.0,0.0,0.0,0.0,0.0,0.0,0.0,0.0,0.0,0.0,0.0
2023-09-22 04:18:00,0.0,0.0,0.0,0.0,0.0,0.0,0.0,0.0,0.0,0.0,0.0
2023-09-22 04:19:00,0.0,0.0,0.0,0.0,0.0,0.0,0.0,0.0,0.0,0.0,0.0
2023-09-22 04:20:00,0.0,0.0,0.0,0.0,0.0,0.0,0.0,0.0,0.0,0.0,0.0
2023-09-22 04:21:00,0.0,0.0,0.0,0.0,0.0,0.0,0.0,0.0,0.0,0.0,0.0
2023-09-22 04:22:00,0.0,0.0,0.0,0.0,0.0,0.0,0.0,0.0,0.0,0.0,0.0
2023-09-22 04:23:00,0.0,0.0,0.0,0.0,0.0,0.0,0.0,0.0,0.0,0.0,0.0
2023-09-22 04:24:00,0.0,0.0,0.0,0.0,0.0,0.0,0.0,0.0,0.0,0.0,0.0
2023-09-22 04:25:00,0.0,0.0,0.0,0.0,0.0,0.0,0.0,0.0,0.0,0.0,0.0
2023-09-22 04:26:00,0.0,0.0,0.0,0.0,0.0,0.0,0.0,0.0,0.0,0.0,0.0
2023-09-22 04:27:00,0.0,0.0,0.0,0.0,0.0,0.0,0.0,0.0,0.0,0.0,0.0
2023-09-22 04:28:00,0.0,0.0,0.0,0.0,0.0,0.0,0.0,0.0,0.0,0.0,0.0
2023-09-22 04:29:00,0.0,0.0,0.0,0.0,0.0,0.0,0.0,0.0,0.0,0.0,0.0
2023-09-22 04:30:00,0.0,0.0,0.0,0.0,0.0,0.0,0.0,0.0,0.0,0.0,0.0
2023-09-22 04:31:00,0.0,0.0,0.0,0.0,0.0,0.0,0.0,0.0,0.0,0.0,0.0
2023-09-22 04:32:00,0.0,0.0,0.0,0.0,0.0,0.0,0.0,0.0,0.0,0.0,0.0
2023-09-22 04:33:00,0.0,0.0,0.0,0.0,0.0,0.0,0.0,0.0,0.0,0.0,0.0
2023-09-22 04:34:00,0.0,0.0,0.0,0.0,0.0,0.0,0.0,0.0,0.0,0.0,0.0
2023-09-22 04:35:00,0.0,0.0,0.0,0.0,0.0,0.0,0.0,0.0,0.0,0.0,0.0
2023-09-22 04:36:00,0.0,0.0,0.0,0.0,0.0,0.0,0.0,0.0,0.0,0.0,0.0
2023-09-22 04:37:00,0.0,0.0,0.0,0.0,0.0,0.0,0.0,0.0,0.0,0.0,0.0
2023-09-22 04:38:00,0.0,0.0,0.0,0.0,0.0,0.0,0.0,0.0,0.0,0.0,0.0
2023-09-22 04:39:00,0.0,0.0,0.0,0.0,0.0,0.0,0.0,0.0,0.0,0.0,0.0
2023-09-22 04:40:00,0.0,0.0,0.0,0.0,0.0,0.0,0.0,0.0,0.0,0.0,0.0
2023-09-22 04:41:00,0.0,0.0,0.0,0.0,0.0,0.0,0.0,0.0,0.0,0.0,0.0
2023-09-22 04:42:00,0.0,0.0,0.0,0.0,0.0,0.0,0.0,0.0,0.0,0.0,0.0
2023-09-22 04:43:00,0.0,0.0,0.0,0.0,0.0,0.0,0.0,0.0,0.0,0.0,0.0
2023-09-22 04:44:00,0.0,0.0,0.0,0.0,0.0,0.0,0.0,0.0,0.0,0.0,0.0
2023-09-22 04:45:00,0.0,0.0,0.0,0.0,0.0,0.0,0.0,0.0,0.0,0.0,0.0
2023-09-22 04:46:00,0.0,0.0,0.0,0.0,0.0,0.0,0.0,0.0,0.0,0.0,0.0
2023-09-22 04:47:00,0.0,0.0,0.0,0.0,0.0,0.0,0.0,0.0,0.0,0.0,0.0
2023-09-22 04:48:00,0.0,0.0,0.0,0.0,0.0,0.0,0.0,0.0,0.0,0.0,0.0
2023-09-22 04:49:00,0.0,0.0,0.0,0.0,0.0,0.0,0.0,0.0,0.0,0.0,0.0
2023-09-22 04:50:00,0.0,0.0,0.0,0.0,0.0,0.0,0.0,0.0,0.0,0.0,0.0
2023-09-22 04:51:00,0.0,0.0,0.0,0.0,0.0,0.0,0.0,0.0,0.0,0.0,0.0
2023-09-22 04:52:00,0.0,0.0,0.0,0.0,0.0,0.0,0.0,0.0,0.0,0.0,0.0
2023-09-22 04:53:00,0.0,0.0,0.0,0.0,0.0,0.0,0.0,0.0,0.0,0.0,0.0
2023-09-22 04:54:00,0.0,0.0,0.0,0.0,0.0,0.0,0.0,0.0,0.0,0.0,0.0
2023-09-22 04:55:00,0.0,0.0,0.0,0.0,0.0,0.0,0.0,0.0,0.0,0.0,0.0
2023-09-22 04:56:00,0.0,0.0,0.0,0.0,0.0,0.0,0.0,0.0,0.0,0.0,0.0
2023-09-22 04:57:00,0.0,0.0,0.0,0.0,0.0,0.0,0.0,0.0,0.0,0.0,0.0
2023-09-22 04:58:00,0.0,0.0,0.0,0.0,0.0,0.0,0.0,0.0,0.0,0.0,0.0
2023-09-22 04:59:00,0.0,0.0,0.0,0.0,0.0,0.0,0.0,0.0,0.0,0.0,0.0
2023-09-22 05:00:00,0.0,0.0,0.0,0.0,0.0,0.0,0.0,0.0,0.0,0.0,0.0
2023-09-22 05:01:00,0.0,0.0,0.0,0.0,0.0,0.0,0.0,0.0,0.0,0.0,0.0
2023-09-22 05:02:00,0.0,0.0,0.0,0.0,0.0,0.0,0.0,0.0,0.0,0.0,0.0
2023-09-22 05:03:00,0.0,0.0,0.0,0.0,0.0,0.0,0.0,0.0,0.0,0.0,0.0
2023-09-22 05:04:00,0.0,0.0,0.0,0.0,0.0,0.0,0.0,0.0,0.0,0.0,0.0
2023-09-22 05:05:00,0.0,0.0,0.0,0.0,0.0,0.0,0.0,0.0,0.0,0.0,0.0
2023-09-22 05:06:00,0.0,0.0,0.0,0.0,0.0,0.0,0.0,0.0,0.0,0.0,0.0
2023-09-22 05:07:00,0.0,0.0,0.0,0.0,0.0,0.0,0.0,0.0,0.0,0.0,0.0
2023-09-22 05:08:00,0.0,0.0,0.0,0.0,0.0,0.0,0.0,0.0,0.0,0.0,0.0
2023-09-22 05:09:00,0.0,0.0,0.0,0.0,0.0,0.0,0.0,0.0,0.0,0.0,0.0
2023-09-22 05:10:00,0.0,0.0,0.0,0.0,0.0,0.0,0.0,0.0,0.0,0.0,0.0
2023-09-22 05:11:00,0.0,0.0,0.0,0.0,0.0,0.0,0.0,0.0,0.0,0.0,0.0
2023-09-22 05:12:00,0.0,0.0,0.0,0.0,0.0,0.0,0.0,0.0,0.0,0.0,0.0
2023-09-22 05:13:00,0.0,0.0,0.0,0.0,0.0,0.0,0.0,0.0,0.0,0.0,0.0
2023-09-22 05:14:00,0.0,0.0,0.0,0.0,0.0,0.0,0.0,0.0,0.0,0.0,0.0
2023-09-22 05:15:00,0.0,0.0,0.0,0.0,0.0,0.0,0.0,0.0,0.0,0.0,0.0
2023-09-22 05:16:00,0.0,0.0,0.0,0.0,0.0,0.0,0.0,0.0,0.0,0.0,0.0
2023-09-22 05:17:00,0.0,0.0,0.0,0.0,0.0,0.0,0.0,0.0,0.0,0.0,0.0
2023-09-22 05:18:00,0.0,0.0,0.0,0.0,0.0,0.0,0.0,0.0,0.0,0.0,0.0
2023-09-22 05:19:00,0.0,0.0,0.0,0.0,0.0,0.0,0.0,0.0,0.0,0.0,0.0
2023-09-22 05:20:00,0.0,0.0,0.0,0.0,0.0,0.0,0.0,0.0,0.0,0.0,0.0
2023-09-22 05:21:00,0.0,0.0,0.0,0.0,0.0,0.0,0.0,0.0,0.0,0.0,0.0
2023-09-22 05:22:00,0.0,0.0,0.0,0.0,0.0,0.0,0.0,0.0,0.0,0.0,0.0
2023-09-22 05:23:00,0.0,0.0,0.0,0.0,0.0,0.0,0.0,0.0,0.0,0.0,0.0
2023-09-22 05:24:00,0.0,0.0,0.0,0.0,0.0,0.0,0.0,0.0,0.0,0.0,0.0
2023-09-22 05:25:00,0.0,0.0,0.0,0.0,0.0,0.0,0.0,0.0,0.0,0.0,0.0
2023-09-22 05:26:00,0.0,0.0,0.0,0.0,0.0,0.0,0.0,0.0,0.0,0.0,0.0
2023-09-22 05:27:00,0.0,0.0,0.0,0.0,0.0,0.0,0.0,0.0,0.0,0.0,0.0
2023-09-22 05:28:00,0.0,0.0,0.0,0.0,0.0,0.0,0.0,0.0,0.0,0.0,0.0
2023-09-22 05:29:00,0.0,0.0,0.0,0.0,0.0,0.0,0.0,0.0,0.0,0.0,0.0
2023-09-22 05:30:00,0.0,0.0,0.0,0.0,0.0,0.0,0.0,0.0,0.0,0.0,0.0
2023-09-22 05:31:00,0.0,0.0,0.0,0.0,0.0,0.0,0.0,0.0,0.0,0.0,0.0
2023-09-22 05:32:00,0.0,0.0,0.0,0.0,0.0,0.0,0.0,0.0,0.0,0.0,0.0
2023-09-22 05:33:00,0.0,0.0,0.0,0.0,0.0,0.0,0.0,0.0,0.0,0.0,0.0
2023-09-22 05:34:00,0.0,0.0,0.0,0.0,0.0,0.0,0.0,0.0,0.0,0.0,0.0
2023-09-22 05:35:00,0.0,0.0,0.0,0.0,0.0,0.0,0.0,0.0,0.0,0.0,0.0
2023-09-22 05:36:00,0.0,0.0,0.0,0.0,0.0,0.0,0.0,0.0,0.0,0.0,0.0
2023-09-22 05:37:00,0.0,0.0,0.0,0.0,0.0,0.0,0.0,0.0,0.0,0.0,0.0
2023-09-22 05:38:00,0.0,0.0,0.0,0.0,0.0,0.0,0.0,0.0,0.0,0.0,0.0
2023-09-22 05:39:00,0.0,0.0,0.0,0.0,0.0,0.0,0.0,0.0,0.0,0.0,0.0
2023-09-22 05:40:00,0.0,0.0,0.0,0.0,0.0,0.0,0.0,0.0,0.0,0.0,0.0
2023-09-22 05:41:00,0.0,0.0,0.0,0.0,0.0,0.0,0.0,0.0,0.0,0.0,0.0
2023-09-22 05:42:00,0.0,0.0,0.0,0.0,0.0,0.0,0.0,0.0,0.0,0.0,0.0
2023-09-22 05:43:00,0.0,0.0,0.0,0.0,0.0,0.0,0.0,0.0,0.0,0.0,0.0
2023-09-22 05:44:00,0.0,0.0,0.0,0.0,0.0,0.0,0.0,0.0,0.0,0.0,0.0
2023-09-22 05:45:00,0.0,0.0,0.0,0.0,0.0,0.0,0.0,0.0,0.0,0.0,0.0
2023-09-22 05:46:00,0.0,0.0,0.0,0.0,0.0,0.0,0.0,0.0,0.0,0.0,0.0
2023-09-22 05:47:00,0.0,0.0,0.0,0.0,0.0,0.0,0.0,0.0,0.0,0.0,0.0
2023-09-22 05:48:00,0.0,0.0,0.0,0.0,0.0,0.0,0.0,0.0,0.0,0.0,0.0
2023-09-22 05:49:00,0.0,0.0,0.0,0.0,0.0,0.0,0.0,0.0,0.0,0.0,0.0
2023-09-22 05:50:00,0.0,0.0,0.0,0.0,0.0,0.0,0.0,0.0,0.0,0.0,0.0
2023-09-22 05:51:00,0.0,0.0,0.0,0.0,0.0,0.0,0.0,0.0,0.0,0.0,0.0
2023-09-22 05:52:00,0.0,0.0,0.0,0.0,0.0,0.0,0.0,0.0,0.0,0.0,0.0
2023-09-22 05:53:00,0.0,0.0,0.0,0.0,0.0,0.0,0.0,0.0,0.0,0.0,0.0
2023-09-22 05:54:00,0.0,0.0,0.0,0.0,0.0,0.0,0.0,0.0,0.0,0.0,0.0
2023-09-22 05:55:00,0.0,0.0,0.0,0.0,0.0,0.0,0.0,0.0,0.0,0.0,0.0
2023-09-22 05:56:00,0.0,0.0,0.0,0.0,0.0,0.0,0.0,0.0,0.0,0.0,0.0
2023-09-22 05:57:00,0.0,0.0,0.0,0.0,0.0,0.0,0.0,0.0,0.0,0.0,0.0
2023-09-22 05:58:00,0.0,0.0,0.0,0.0,0.0,0.0,0.0,0.0,0.0,0.0,0.0
2023-09-22 05:59:00,0.0,0.0,0.0,0.0,0.0,0.0,0.0,0.0,0.0,0.0,0.0
2023-09-22 06:00:00,0.5600000000000003,0.52,0.54,0.0485699999999999,0.0,0.1181499999999999,0.05457,0.0,0.0,0.0,0.0
2023-09-22 06:01:00,0.5600000000000003,0.52,0.54,0.0485699999999999,0.0,0.1181499999999999,0.05457,0.0,0.0,0.0,0.0
2023-09-22 06:02:00,0.5600000000000003,0.5200000000000002,0.5399999999999999,0.0485699999999999,0.0,0.1181499999999999,0.05457,0.0,0.0,0.0,0.0
2023-09-22 06:03:00,0.5600000000000003,0.52,0.54,0.0485699999999999,0.0,0.1181499999999999,0.05457,0.0,0.0,0.0,0.0
2023-09-22 06:04:00,0.5600000000000002,0.5199999999999999,0.54,0.04857,0.0,0.1181499999999999,0.05457,0.0,0.0,0.0,0.0
2023-09-22 06:05:00,0.5600000000000003,0.52,0.54,0.0485699999999999,0.0,0.1181499999999999,0.05457,0.0,0.0,0.0,0.0
2023-09-22 06:06:00,0.5600000000000003,0.52,0.54,0.0485699999999999,0.0,0.1181499999999999,0.05457,0.0,0.0,0.0,0.0
2023-09-22 06:07:00,0.5600000000000003,0.52,0.54,0.0485699999999999,0.0,0.1181499999999999,0.05457,0.0,0.0,0.0,0.0
2023-09-22 06:08:00,0.5600000000000003,0.52,0.54,0.0485699999999999,0.0,0.1181499999999999,0.05457,0.0,0.0,0.0,0.0
2023-09-22 06:09:00,0.5600000000000003,0.52,0.54,0.0485699999999999,0.0,0.1181499999999999,0.05457,0.0,0.0,0.0,0.0
2023-09-22 06:10:00,0.5600000000000003,0.52,0.54,0.0485699999999999,0.0,0.1181499999999999,0.05457,0.0,0.0,0.0,0.0
2023-09-22 06:11:00,0.5600000000000003,0.52,0.54,0.0485699999999999,0.0,0.1181499999999999,0.05457,0.0,0.0,0.0,0.0
2023-09-22 06:12:00,0.5600000000000003,0.52,0.54,0.0485699999999999,0.0,0.1181499999999999,0.05457,0.0,0.0,0.0,0.0
2023-09-22 06:13:00,0.5600000000000003,0.52,0.54,0.0485699999999999,0.0,0.1181499999999999,0.05457,0.0,0.0,0.0,0.0
2023-09-22 06:14:00,0.5600000000000003,0.52,0.54,0.0485699999999999,0.0,0.1181499999999999,0.05457,0.0,0.0,0.0,0.0
2023-09-22 06:15:00,0.5600000000000003,0.52,0.54,0.0485699999999999,0.0,0.1181499999999999,0.05457,0.0,0.0,0.0,0.0
2023-09-22 06:16:00,0.5600000000000003,0.52,0.54,0.0485699999999999,0.0,0.1181499999999999,0.05457,0.0,0.0,0.0,0.0
2023-09-22 06:17:00,0.5600000000000003,0.52,0.54,0.0485699999999999,0.0,0.1181499999999999,0.05457,0.0,0.0,0.0,0.0
2023-09-22 06:18:00,0.5600000000000003,0.52,0.54,0.0485699999999999,0.0,0.1181499999999999,0.05457,0.0,0.0,0.0,0.0
2023-09-22 06:19:00,0.5600000000000003,0.52,0.54,0.0485699999999999,0.0,0.1181499999999999,0.05457,0.0,0.0,0.0,0.0
2023-09-22 06:20:00,0.5600000000000003,0.52,0.54,0.0485699999999999,0.0,0.1181499999999999,0.05457,0.0,0.0,0.0,0.0
2023-09-22 06:21:00,0.5600000000000003,0.52,0.54,0.0485699999999999,0.0,0.1181499999999999,0.05457,0.0,0.0,0.0,0.0
2023-09-22 06:22:00,0.5600000000000003,0.52,0.54,0.0485699999999999,0.0,0.1181499999999999,0.05457,0.0,0.0,0.0,0.0
2023-09-22 06:23:00,0.5600000000000003,0.52,0.54,0.0485699999999999,0.0,0.1181499999999999,0.05457,0.0,0.0,0.0,0.0
2023-09-22 06:24:00,0.5600000000000003,0.52,0.54,0.0485699999999999,0.0,0.1181499999999999,0.05457,0.0,0.0,0.0,0.0
2023-09-22 06:25:00,0.5600000000000003,0.52,0.54,0.0485699999999999,0.0,0.1181499999999999,0.05457,0.0,0.0,0.0,0.0
2023-09-22 06:26:00,0.5600000000000003,0.52,0.54,0.0485699999999999,0.0,0.1181499999999999,0.05457,0.0,0.0,0.0,0.0
2023-09-22 06:27:00,0.5600000000000003,0.52,0.54,0.0485699999999999,0.0,0.1181499999999999,0.05457,0.0,0.0,0.0,0.0
2023-09-22 06:28:00,0.5600000000000003,0.52,0.54,0.0485699999999999,0.0,0.1181499999999999,0.05457,0.0,0.0,0.0,0.0
2023-09-22 06:29:00,0.5600000000000003,0.5200000000000002,0.5399999999999999,0.0485699999999999,0.0,0.1181499999999999,0.05457,0.0,0.0,0.0,0.0
2023-09-22 06:30:00,0.5600000000000003,0.52,0.54,0.0485699999999999,0.0,0.1181499999999999,0.05457,0.0,0.0,0.0,0.0
2023-09-22 06:31:00,0.4748888888888889,0.4562222222222222,0.4646666666666667,0.0485699999999999,0.0,0.1077682222222222,0.0603045555555555,0.0,0.0,0.0,0.0
2023-09-22 06:32:00,0.3442222222222222,0.3318888888888889,0.3338888888888889,0.0485699999999999,0.0,0.0759896666666666,0.0745909999999999,0.0,0.0,0.0,0.0
2023-09-22 06:33:00,0.3416666666666665,0.3324444444444444,0.3324444444444444,0.0485699999999999,0.0,0.0761251111111111,0.074255,0.0,0.0,0.0,0.0
2023-09-22 06:34:00,0.329111111111111,0.3144444444444444,0.2992222222222223,0.0485699999999999,0.0,0.0713456666666666,0.0716378888888888,0.0,0.0,0.0,0.0
2023-09-22 06:35:00,0.3181111111111111,0.2832222222222222,0.1968888888888889,0.0485699999999999,0.0,0.0664599999999999,0.0664599999999999,0.0,0.0,0.0,0.0
2023-09-22 06:36:00,0.3070114942528735,0.2583908045977011,0.1891954022988505,0.0300105747126436,0.0,0.0571206896551724,0.0726160919540229,0.0,0.0,0.0,0.0
2023-09-22 06:37:00,0.2999999999999999,0.25,0.1599999999999999,0.0221,0.0,0.05314,0.0752399999999999,0.0,0.0,0.0,0.0
2023-09-22 06:38:00,0.3,0.25,0.1599999999999999,0.0221,0.0,0.05314,0.0752399999999999,0.0,0.0,0.0,0.0
2023-09-22 06:39:00,0.2999999999999999,0.25,0.1599999999999999,0.0221,0.0,0.05314,0.0752399999999999,0.0,0.0,0.0,0.0
2023-09-22 06:40:00,0.2999999999999999,0.2542222222222222,0.1734444444444444,0.0221,0.0,0.05314,0.0752399999999999,0.0,0.0,0.0,0.0
2023-09-22 06:41:00,0.3,0.2294505494505494,0.1569230769230769,0.0221,0.0,0.05314,0.0752399999999999,0.0,0.0,0.0,0.0
2023-09-22 06:42:00,0.3048351648351647,0.2513186813186813,0.1727472527472527,0.0221,0.0,0.05314,0.0752399999999999,0.0,0.0,0.0,0.0
2023-09-22 06:43:00,0.3077777777777777,0.2811111111111111,0.2306666666666666,0.0473393333333333,0.0,0.05314,0.0253173333333333,0.0,0.0,0.0,0.0
2023-09-22 06:44:00,0.3071590909090908,0.2822727272727273,0.239090909090909,0.0443456818181818,0.0,0.05314,0.0193679545454545,0.0,0.0,0.0,0.0
2023-09-22 06:45:00,0.307111111111111,0.2775555555555556,0.2471111111111111,0.0465993333333333,0.0,0.05314,0.0222653333333333,0.0,0.0,0.0,0.0
2023-09-22 06:46:00,0.3075555555555555,0.2801111111111111,0.2571111111111112,0.04881,0.0,0.05314,0.0221899999999999,0.0,0.0,0.0,0.0
2023-09-22 06:47:00,0.3085555555555555,0.2821111111111111,0.2329999999999999,0.04881,0.0,0.05314,0.0221899999999999,0.0,0.0,0.0,0.0
2023-09-22 06:48:00,0.3074444444444444,0.2818888888888889,0.2289999999999999,0.04881,0.0,0.05314,0.0221899999999999,0.0,0.0,0.0,0.0
2023-09-22 06:49:00,0.3112222222222222,0.2828888888888889,0.2476666666666666,0.04881,0.0,0.05314,0.0221899999999999,0.0,0.0,0.0,0.0
2023-09-22 06:50:00,0.3120689655172413,0.2913793103448276,0.2594252873563218,0.0488099999999999,0.0,0.05314,0.0221899999999999,0.0,0.0,0.0,0.0
2023-09-22 06:51:00,0.3072222222222222,0.2858888888888889,0.2568888888888889,0.04881,0.0,0.05314,0.0221899999999999,0.0,0.0,0.0,0.0
2023-09-22 06:52:00,0.3064835164835164,0.2852747252747252,0.2503296703296703,0.0609792307692307,0.0,0.05314,0.0502393406593406,0.0,0.0,0.0,0.0
2023-09-22 06:53:00,0.3092307692307692,0.2882417582417583,0.2689010989010989,0.0681210989010988,0.0,0.05314,0.0681210989010988,0.0,0.0,0.0,0.0
2023-09-22 06:54:00,0.3197802197802197,0.2864835164835165,0.2807692307692307,0.0689028571428571,0.0,0.05314,0.0686205494505494,0.0,0.0,0.0,0.0
2023-09-22 06:55:00,0.3216666666666666,0.2918888888888888,0.2855555555555555,0.071181,0.0,0.05314,0.071181,0.0,0.0,0.0,0.0
2023-09-22 06:56:00,0.3338888888888888,0.3091111111111111,0.3148888888888888,0.068449,0.0,0.05314,0.0684708888888889,0.0,0.0,0.0,0.0
2023-09-22 06:57:00,0.3227777777777778,0.299111111111111,0.3025555555555555,0.0683706666666666,0.0,0.05314,0.0685633333333333,0.0,0.0,0.0,0.0
2023-09-22 06:58:00,0.3205555555555555,0.2958888888888888,0.2912222222222222,0.07141,0.0,0.05314,0.0709438888888888,0.0,0.0,0.0,0.0
2023-09-22 06:59:00,0.3261111111111111,0.3023333333333333,0.3092222222222222,0.0701895555555555,0.0,0.05314,0.0700688888888888,0.0,0.0,0.0,0.0
2023-09-22 07:00:00,0.328111111111111,0.2998888888888888,0.3125555555555555,0.0729577777777777,0.0,0.05314,0.0729184444444444,0.0,0.0,0.0,0.0
2023-09-22 07:01:00,0.3235555555555555,0.2987777777777777,0.3093333333333333,0.0737211111111111,0.0,0.05314,0.0736773333333333,0.0,0.0,0.0,0.0
2023-09-22 07:02:00,0.324111111111111,0.3025555555555555,0.3098888888888888,0.0754524444444444,0.0,0.05314,0.0754524444444444,0.0,0.0,0.0,0.0
2023-09-22 07:03:00,0.3337931034482759,0.3042528735632183,0.3152873563218391,0.0791794252873563,0.0,0.05314,0.0791794252873563,0.0,0.0,0.0,0.0
2023-09-22 07:04:00,0.3308888888888889,0.3048888888888889,0.3182222222222222,0.0802791111111111,0.0,0.05314,0.0802801111111111,0.0,0.0,0.0,0.0
2023-09-22 07:05:00,0.3379999999999999,0.3122222222222222,0.321,0.0829689999999999,0.0,0.05314,0.0829689999999999,0.0,0.0,0.0,0.0
2023-09-22 07:06:00,0.3371428571428571,0.3132967032967032,0.3254945054945055,0.0842295604395604,0.0,0.05314,0.0845236263736263,0.0,0.0,0.0,0.0
2023-09-22 07:07:00,0.3484615384615385,0.319010989010989,0.3319780219780219,0.0867528571428571,0.0,0.0501337362637362,0.0869312087912088,0.0,0.0,0.0,0.0
2023-09-22 07:08:00,0.3528571428571428,0.3210989010989011,0.3353846153846153,0.0896476923076922,0.0,0.02827,0.0896476923076922,0.0,0.0,0.0,0.0
2023-09-22 07:09:00,0.3530769230769231,0.3263736263736264,0.3342857142857142,0.0906976923076923,0.0,0.0252754945054945,0.0917673626373626,0.0,0.0,0.0,0.0
2023-09-22 07:10:00,0.3553333333333333,0.332111111111111,0.3428888888888889,0.0926976666666666,0.0,0.0253521111111111,0.0941081111111111,0.0,0.0,0.0,0.0
2023-09-22 07:11:00,0.3592222222222223,0.3367777777777777,0.3484444444444444,0.096587,0.0,0.0251807777777777,0.098684,0.0,0.0,0.0,0.0
2023-09-22 07:12:00,0.3611111111111111,0.3388888888888889,0.3494444444444444,0.0987675555555555,0.0,0.023674,0.1073242222222222,0.0,0.0,0.0,0.0
2023-09-22 07:13:00,0.3613186813186813,0.3449450549450549,0.3529670329670329,0.102742967032967,0.0,0.0244620879120879,0.1195484615384615,0.0,0.0,0.0,0.0
2023-09-22 07:14:00,0.3767032967032967,0.35,0.3628571428571428,0.1058214285714285,0.0,0.0257813186813186,0.1301237362637362,0.0,0.0,0.0,0.0
2023-09-22 07:15:00,0.3766666666666666,0.3568888888888889,0.3662222222222223,0.1079651111111111,0.0,0.0275946666666666,0.1346938888888889,0.0,0.0,0.0,0.0
2023-09-22 07:16:00,0.3893333333333334,0.367,0.3783333333333333,0.1106407777777777,0.0,0.0306327777777777,0.1411359999999999,0.0,0.0,0.0,0.0
2023-09-22 07:17:00,0.3833333333333332,0.364222222222222,0.3738888888888889,0.1154227777777777,0.0,0.0320241111111111,0.1465761111111111,0.0,0.0,0.0,0.0
2023-09-22 07:18:00,0.3982222222222222,0.3737777777777777,0.3844444444444443,0.1184554444444444,0.0,0.0355381111111111,0.1538935555555555,0.0,0.0,0.0,0.0
2023-09-22 07:19:00,0.4081111111111111,0.3814444444444445,0.3935555555555555,0.1226034444444444,0.0,0.0386797777777777,0.1611794444444444,0.0,0.0,0.0,0.0
2023-09-22 07:20:00,0.4173333333333333,0.3938888888888889,0.4013333333333333,0.1266729999999999,0.0,0.0436851111111111,0.1704163333333333,0.0,0.0,0.0,0.0
2023-09-22 07:21:00,0.4220879120879121,0.3989010989010988,0.4076923076923077,0.1300886813186813,0.0,0.0477752747252747,0.1777215384615384,0.0,0.0,0.0,0.0
2023-09-22 07:22:00,0.4295604395604395,0.4057142857142859,0.4182417582417582,0.1346371428571428,0.0,0.0480306593406593,0.1828042857142857,0.0,0.0,0.0,0.0
2023-09-22 07:23:00,0.4337777777777777,0.4091111111111112,0.4202222222222221,0.137757,0.0,0.0510845555555555,0.1888562222222222,0.0,0.0,0.0,0.0
2023-09-22 07:24:00,0.4408888888888889,0.419888888888889,0.4306666666666667,0.1414052222222222,0.0,0.0552086666666666,0.196661111111111,0.0,0.0,0.0,0.0
2023-09-22 07:25:00,0.4487777777777779,0.4265555555555556,0.4397777777777779,0.1459947777777777,0.0,0.0568563333333333,0.2021898888888889,0.0,0.0,0.0,0.0
2023-09-22 07:26:00,0.4596666666666666,0.439111111111111,0.4481111111111112,0.1500872222222222,0.0,0.0611454444444444,0.2112095555555555,0.0,0.0,0.0,0.0
2023-09-22 07:27:00,0.472,0.4427777777777779,0.4587777777777777,0.1532526666666666,0.0,0.0641694444444444,0.2173703333333333,0.0,0.0,0.0,0.0
2023-09-22 07:28:00,0.4757777777777776,0.4614444444444443,0.4694444444444444,0.1561576666666666,0.0,0.0669377777777777,0.2231573333333333,0.0,0.0,0.0,0.0
2023-09-22 07:29:00,0.4844444444444445,0.4628888888888888,0.4754444444444443,0.1602193333333333,0.0,0.0697042222222222,0.2297288888888888,0.0,0.0,0.0,0.0
2023-09-22 07:30:00,0.4953333333333334,0.4714444444444444,0.4822222222222223,0.1635227777777778,0.0,0.0748911111111111,0.2386653333333333,0.0,0.0,0.0,0.0
2023-09-22 07:31:00,0.5045555555555555,0.4881111111111111,0.4951111111111111,0.1680415555555555,0.0,0.0771196666666666,0.2454445555555555,0.0,0.0,0.0,0.0
2023-09-22 07:32:00,0.5096666666666666,0.4901111111111111,0.5030000000000001,0.1744405555555555,0.0,0.0790376666666666,0.2527397777777778,0.0,0.0,0.0,0.0
2023-09-22 07:33:00,0.5221111111111111,0.5044444444444445,0.516,0.1789477777777777,0.0,0.0847273333333333,0.2639364444444444,0.0,0.0,0.0,0.0
2023-09-22 07:34:00,0.525824175824176,0.5087912087912089,0.519010989010989,0.1840109890109889,0.0,0.0896794505494505,0.2734689010989011,0.0,0.0,0.0,0.0
2023-09-22 07:35:00,0.5392222222222223,0.5234444444444445,0.5336666666666667,0.1894257777777778,0.0,0.0931285555555555,0.2825534444444444,0.0,0.0,0.0,0.0
2023-09-22 07:36:00,0.5418888888888889,0.5283333333333334,0.5375555555555555,0.1948488888888889,0.0,0.0956698888888888,0.2905175555555556,0.0,0.0,0.0,0.0
2023-09-22 07:37:00,0.5657142857142857,0.5439560439560438,0.5548351648351649,0.1988503296703297,0.0,0.1011396703296703,0.3003594505494505,0.0,0.0,0.0,0.0
2023-09-22 07:38:00,0.5784615384615385,0.5564835164835167,0.567912087912088,0.2039315384615384,0.0,0.104140989010989,0.3083127472527473,0.0,0.0,0.0,0.0
2023-09-22 07:39:00,0.5889999999999999,0.5667777777777778,0.5802222222222221,0.2108664444444444,0.0,0.1099577777777777,0.3206137777777778,0.0,0.0,0.0,0.0
2023-09-22 07:40:00,0.5973333333333333,0.587,0.596,0.2163507777777778,0.0,0.1157256666666666,0.3319776666666666,0.0,0.0,0.0,0.0
2023-09-22 07:41:00,0.6156666666666667,0.5998888888888888,0.6067777777777777,0.2212233333333333,0.0,0.1201116666666666,0.3412723333333333,0.0,0.0,0.0,0.0
2023-09-22 07:42:00,0.6255555555555555,0.6043333333333334,0.616888888888889,0.2249134444444444,0.0,0.1267895555555555,0.3517034444444445,0.0,0.0,0.0,0.0
2023-09-22 07:43:00,0.645,0.628,0.6375555555555555,0.2337896666666666,0.0,0.1324484444444444,0.3662375555555555,0.0,0.0,0.0,0.0
2023-09-22 07:44:00,0.6599999999999998,0.6443678160919539,0.652758620689655,0.2403550574712643,0.0,0.1355813793103448,0.3759636781609196,0.0,0.0,0.0,0.0
2023-09-22 07:45:00,0.6694444444444443,0.654111111111111,0.6643333333333334,0.2438852222222222,0.0,0.1425927777777778,0.3862887777777777,0.0,0.0,0.0,0.0
2023-09-22 07:46:00,0.6849999999999999,0.671111111111111,0.6784444444444443,0.2507541111111111,0.0,0.1488617777777778,0.3994230000000001,0.0,0.0,0.0,0.0
2023-09-22 07:47:00,0.7007777777777778,0.6878888888888889,0.6994444444444444,0.2608931111111111,0.0,0.1516763333333333,0.4124023333333332,0.0,0.0,0.0,0.0
2023-09-22 07:48:00,0.7217582417582417,0.7119780219780218,0.7194505494505494,0.2660147252747253,0.0,0.1602484615384615,0.4262562637362638,0.0,0.0,0.0,0.0
2023-09-22 07:49:00,0.7313186813186813,0.720989010989011,0.7294505494505498,0.2730681318681319,0.0,0.1659737362637363,0.4390410989010989,0.0,0.0,0.0,0.0
2023-09-22 07:50:00,0.7454545454545456,0.7337499999999999,0.7402272727272728,0.2768190909090909,0.0,0.1708332954545454,0.4479174999999999,0.0,0.0,0.0,0.0
2023-09-22 07:51:00,0.7783333333333333,0.7625555555555553,0.7751111111111109,0.2829718888888888,0.0,0.1778411111111111,0.4607215555555555,0.0,0.0,0.0,0.0
2023-09-22 07:52:00,0.7783333333333334,0.7725555555555559,0.7774444444444444,0.2881231111111111,0.0,0.1805805555555555,0.4694875555555556,0.0,0.0,0.0,0.0
2023-09-22 07:53:00,0.8067816091954024,0.8063218390804602,0.8095402298850576,0.3012494252873562,0.0,0.1875422988505747,0.4887924137931034,0.0,0.0,0.0,0.0
2023-09-22 07:54:00,0.8374444444444445,0.8183333333333334,0.8277777777777777,0.3054554444444444,0.0,0.1973238888888889,0.5027798888888889,0.0,0.0,0.0,0.0
2023-09-22 07:55:00,0.8550000000000002,0.8428888888888887,0.8529999999999998,0.3145225555555555,0.0,0.2062971111111111,0.5208203333333334,0.0,0.0,0.0,0.0
2023-09-22 07:56:00,0.8860000000000001,0.8790000000000001,0.8826666666666668,0.3246904444444444,0.0,0.2123541111111111,0.5370434444444444,0.0,0.0,0.0,0.0
2023-09-22 07:57:00,0.917777777777778,0.9146666666666666,0.9206666666666666,0.3370011111111111,0.0,0.2224415555555555,0.5589888888888889,0.0,0.0,0.0,0.0
2023-09-22 07:58:00,0.9461111111111108,0.9432222222222222,0.9453333333333334,0.3458531111111111,0.0,0.2348801111111111,0.5809905555555556,0.0,0.0,0.0,0.0
2023-09-22 07:59:00,0.9805555555555556,0.9726666666666663,0.9800000000000002,0.3605607777777777,0.0,0.2445487777777777,0.6047576666666666,0.0,0.0,0.0,0.0
2023-09-22 08:00:00,1.0098888888888888,1.0025555555555554,1.0093333333333332,0.3705389999999999,0.0,0.2593587777777777,0.6296284444444444,0.0,0.0,0.0,0.0
2023-09-22 08:01:00,1.0392222222222225,1.0294444444444444,1.036888888888889,0.3790189999999999,0.0,0.2651888888888888,0.6445024444444444,0.0,0.0,0.0,0.0
2023-09-22 08:02:00,1.0417582417582418,1.035714285714286,1.0456043956043954,0.3831764835164834,0.0,0.2698845054945055,0.651916043956044,0.0,0.0,0.0,0.0
2023-09-22 08:03:00,1.0742222222222224,1.069666666666667,1.076777777777778,0.3990635555555555,0.0,0.2773806666666667,0.675084888888889,0.0,0.0,0.0,0.0
2023-09-22 08:04:00,1.1146590909090908,1.1117045454545456,1.1159090909090907,0.4100814772727272,0.0,0.2961526136363636,0.7060886363636364,0.0,0.0,0.0,0.0
2023-09-22 08:05:00,1.1595454545454544,1.1614772727272724,1.1663636363636365,0.4293265909090908,0.0,0.3067169318181818,0.7361543181818182,0.0,0.0,0.0,0.0
2023-09-22 08:06:00,1.1947191011235956,1.1944943820224718,1.1985393258426968,0.4419888764044943,0.0,0.3197366292134831,0.7616611235955055,0.0,0.0,0.0,0.0
2023-09-22 08:07:00,1.2404444444444445,1.2402222222222223,1.241,0.4544273333333333,0.0,0.3378404444444444,0.7919995555555555,0.0,0.0,0.0,0.0
2023-09-22 08:08:00,1.3071428571428572,1.3079120879120882,1.3106593406593403,0.4770294505494506,0.0,0.3596313186813187,0.8361247252747253,0.0,0.0,0.0,0.0
2023-09-22 08:09:00,1.3684615384615384,1.377802197802198,1.373956043956044,0.4999581318681319,0.0,0.3794367032967034,0.8788498901098903,0.0,0.0,0.0,0.0
2023-09-22 08:10:00,1.420222222222222,1.432111111111111,1.4302222222222218,0.5238234444444444,0.0,0.4015058888888888,0.925470777777778,0.0,0.0,0.0,0.0
2023-09-22 08:11:00,1.4938888888888888,1.5087777777777778,1.5058888888888888,0.5468914444444445,0.0,0.4257117777777777,0.9722433333333332,0.0,0.0,0.0,0.0
2023-09-22 08:12:00,1.5767777777777778,1.5812222222222223,1.584111111111111,0.5743375555555557,0.0,0.4440452222222223,1.0181791111111111,0.0,0.0,0.0,0.0
2023-09-22 08:13:00,1.6225555555555555,1.6451111111111112,1.633222222222222,0.5953385555555557,0.0,0.4683974444444444,1.0662703333333334,0.0,0.0,0.0,0.0
2023-09-22 08:14:00,1.6772222222222222,1.6822222222222216,1.6872222222222222,0.6147944444444445,0.0,0.478915111111111,1.0937116666666669,0.0,0.0,0.0,0.0
2023-09-22 08:15:00,1.6947777777777775,1.7101111111111114,1.707,0.6234694444444444,0.0,0.491584111111111,1.115062888888889,0.0,0.0,0.0,0.0
2023-09-22 08:16:00,1.5391111111111109,1.5552222222222218,1.5526666666666662,0.5735842222222223,0.0,0.4385005555555555,1.0121403333333332,0.0,0.0,0.0,0.0
2023-09-22 08:17:00,1.5631111111111111,1.5808888888888886,1.576666666666667,0.5792303333333334,0.0,0.4508902222222222,1.0301635555555555,0.0,0.0,0.0,0.0
2023-09-22 08:18:00,1.6763333333333328,1.6886666666666663,1.6875555555555557,0.6136246666666667,0.0,0.4881449999999999,1.1017057777777777,0.0,0.0,0.0,0.0
2023-09-22 08:19:00,1.762888888888889,1.7775555555555558,1.775,0.6482707777777779,0.0,0.5165209999999999,1.1645515555555557,0.0,0.0,0.0,0.0
2023-09-22 08:20:00,1.789777777777778,1.8032222222222225,1.804,0.6603857777777777,0.0,0.5239067777777778,1.1842615555555556,0.0,0.0,0.0,0.0
2023-09-22 08:21:00,1.797356321839081,1.8132183908045976,1.8100000000000005,0.6629382758620689,0.0,0.527788735632184,1.1907336781609192,0.0,0.0,0.0,0.0
2023-09-22 08:22:00,1.81021978021978,1.8249450549450552,1.8225274725274727,0.6676763736263737,0.0,0.5294498901098901,1.1970979120879122,0.0,0.0,0.0,0.0
2023-09-22 08:23:00,1.807,1.810666666666667,1.8174444444444449,0.663098,0.0,0.5273244444444444,1.187684888888889,0.0,0.0,0.0,0.0
2023-09-22 08:24:00,1.818021978021978,1.8317582417582408,1.8285714285714283,0.6698417582417582,0.0,0.5331853846153846,1.2030227472527473,0.0,0.0,0.0,0.0
2023-09-22 08:25:00,1.80978021978022,1.82,1.82,0.666362087912088,0.0,0.5307284615384615,1.197090989010989,0.0,0.0,0.0,0.0
2023-09-22 08:26:00,1.7975824175824178,1.8086813186813184,1.808351648351648,0.6630392307692308,0.0,0.5254313186813188,1.188587912087912,0.0,0.0,0.0,0.0
2023-09-22 08:27:00,1.795222222222222,1.8106666666666664,1.806777777777778,0.662685888888889,0.0,0.5240597777777778,1.1866444444444444,0.0,0.0,0.0,0.0
2023-09-22 08:28:00,1.814285714285715,1.8260439560439563,1.825824175824176,0.6718074725274724,0.0,0.5303903296703297,1.2021389010989012,0.0,0.0,0.0,0.0
2023-09-22 08:29:00,1.8352222222222223,1.8502222222222224,1.849111111111112,0.6783721111111111,0.0,0.5380958888888888,1.216483,0.0,0.0,0.0,0.0
2023-09-22 08:30:00,1.834,1.8563333333333336,1.8514444444444444,0.6798991111111111,0.0,0.5373822222222222,1.2172784444444449,0.0,0.0,0.0,0.0
2023-09-22 08:31:00,1.8422222222222224,1.8634444444444445,1.859444444444445,0.6830342222222221,0.0,0.5404792222222223,1.2235314444444445,0.0,0.0,0.0,0.0
2023-09-22 08:32:00,1.847555555555556,1.8668888888888897,1.860888888888889,0.6825406666666666,0.0,0.5442535555555554,1.2267986666666664,0.0,0.0,0.0,0.0
2023-09-22 08:33:00,1.843666666666668,1.8568888888888888,1.8646666666666667,0.6831564444444445,0.0,0.5404133333333333,1.2192435555555556,0.0,0.0,0.0,0.0
2023-09-22 08:34:00,1.881777777777777,1.9067777777777777,1.8996666666666664,0.6941557777777777,0.0,0.5554001111111111,1.249535,0.0,0.0,0.0,0.0
2023-09-22 08:35:00,1.875,1.8951111111111112,1.8881111111111115,0.6907481111111111,0.0,0.5536677777777778,1.2444334444444445,0.0,0.0,0.0,0.0
2023-09-22 08:36:00,1.8866666666666665,1.904482758620689,1.8989655172413784,0.6954354022988506,0.0,0.5564595402298851,1.2518893103448276,0.0,0.0,0.0,0.0
2023-09-22 08:37:00,1.8424175824175824,1.8603296703296703,1.857032967032967,0.6798090109890109,0.0,0.5417410989010989,1.2215768131868132,0.0,0.0,0.0,0.0
2023-09-22 08:38:00,1.7727472527472523,1.7904395604395609,1.7901098901098902,0.6570030769230769,0.0,0.517087802197802,1.1740903296703298,0.0,0.0,0.0,0.0
2023-09-22 08:39:00,1.7638888888888888,1.7735555555555556,1.774777777777778,0.6514571111111112,0.0,0.5125088888888889,1.1639653333333333,0.0,0.0,0.0,0.0
2023-09-22 08:40:00,1.6820879120879118,1.7012087912087912,1.6949450549450549,0.6259841758241758,0.0,0.4960431868131868,1.1224589010989012,0.0,0.0,0.0,0.0
2023-09-22 08:41:00,1.5786206896551722,1.591609195402299,1.5920689655172415,0.5904242528735633,0.0,0.4572449425287357,1.0481444827586206,0.0,0.0,0.0,0.0
2023-09-22 08:42:00,1.4990000000000003,1.521777777777778,1.513444444444444,0.5658133333333334,0.0,0.4316354444444445,0.9979475555555554,0.0,0.0,0.0,0.0
2023-09-22 08:43:00,1.441111111111111,1.4527777777777775,1.4469999999999998,0.5387314444444444,0.0,0.4135003333333332,0.9542524444444443,0.0,0.0,0.0,0.0
2023-09-22 08:44:00,1.4008045977011498,1.410229885057471,1.4111494252873562,0.5246978160919542,0.0,0.3982470114942528,0.9226144827586208,0.0,0.0,0.0,0.0
2023-09-22 08:45:00,1.3635555555555554,1.3746666666666665,1.3730000000000009,0.5108823333333333,0.0,0.3868484444444445,0.8977428888888889,0.0,0.0,0.0,0.0
2023-09-22 08:46:00,1.3702222222222225,1.386777777777778,1.380777777777778,0.512099,0.0,0.3880865555555556,0.9004417777777777,0.0,0.0,0.0,0.0
2023-09-22 08:47:00,1.3803333333333334,1.389444444444445,1.3896666666666668,0.5145032222222222,0.0,0.3895564444444445,0.9035171111111112,0.0,0.0,0.0,0.0
2023-09-22 08:48:00,1.3818888888888887,1.3942222222222225,1.3942222222222225,0.5234686666666667,0.0,0.3891018888888889,0.912578,0.0,0.0,0.0,0.0
2023-09-22 08:49:00,1.3957142857142857,1.3943956043956045,1.401318681318681,0.5222056043956045,0.0,0.3928946153846154,0.915057912087912,0.0,0.0,0.0,0.0
2023-09-22 08:50:00,1.4246153846153844,1.4431868131868133,1.4354945054945054,0.5323389010989011,0.0,0.4058063736263737,0.9379205494505494,0.0,0.0,0.0,0.0
2023-09-22 08:51:00,1.5034065934065928,1.5165934065934068,1.5151648351648357,0.5615962637362637,0.0,0.4345013186813187,0.9961303296703298,0.0,0.0,0.0,0.0
2023-09-22 08:52:00,1.5670329670329677,1.5742857142857145,1.5749450549450548,0.5822367032967034,0.0,0.4491175824175824,1.0313539560439562,0.0,0.0,0.0,0.0
2023-09-22 08:53:00,1.6220454545454546,1.6398863636363636,1.6282954545454549,0.6005426136363637,0.0,0.4666605681818181,1.0709307954545455,0.0,0.0,0.0,0.0
2023-09-22 08:54:00,1.6776666666666669,1.6953333333333331,1.6923333333333328,0.6264532222222222,0.0,0.4914953333333333,1.117676888888889,0.0,0.0,0.0,0.0
2023-09-22 08:55:00,1.696888888888889,1.7134444444444448,1.710888888888889,0.6330955555555555,0.0,0.4946065555555556,1.1275821111111113,0.0,0.0,0.0,0.0
2023-09-22 08:56:00,1.741111111111111,1.759444444444444,1.7551111111111108,0.6487138888888888,0.0,0.5108572222222222,1.1594456666666668,0.0,0.0,0.0,0.0
2023-09-22 08:57:00,1.7942222222222224,1.8143333333333336,1.810555555555556,0.6694866666666667,0.0,0.5289686666666668,1.1983803333333334,0.0,0.0,0.0,0.0
2023-09-22 08:58:00,1.8246666666666669,1.8420000000000003,1.8364444444444448,0.678157111111111,0.0,0.5420109999999999,1.220102111111111,0.0,0.0,0.0,0.0
2023-09-22 08:59:00,1.8698888888888887,1.886,1.8824444444444444,0.6929603333333334,0.0,0.5562024444444446,1.249065888888889,0.0,0.0,0.0,0.0
2023-09-22 09:00:00,1.914555555555556,1.933777777777778,1.928222222222222,0.7098101111111111,0.0,0.5711912222222222,1.280978111111111,0.0,0.0,0.0,0.0
2023-09-22 09:01:00,1.9404444444444449,1.966222222222222,1.9566666666666663,0.7214806666666667,0.0,0.5756106666666667,1.2970984444444449,0.0,0.0,0.0,0.0
2023-09-22 09:02:00,1.9917777777777768,2.019888888888889,2.008666666666667,0.7377241111111112,0.0,0.6004291111111111,1.3381533333333333,0.0,0.0,0.0,0.0
2023-09-22 09:03:00,1.995888888888888,2.013444444444445,2.0196666666666663,0.7404810000000001,0.0,0.6023737777777778,1.3428644444444444,0.0,0.0,0.0,0.0
2023-09-22 09:04:00,2.0076666666666663,2.029777777777777,2.020777777777778,0.7477824444444445,0.0,0.5976707777777778,1.339741111111111,0.0,0.0,0.0,0.0
2023-09-22 09:05:00,2.0390804597701155,2.051954022988506,2.0495402298850567,0.7508166666666667,0.0,0.6103924137931035,1.3611981609195405,0.0,0.0,0.0,0.0
2023-09-22 09:06:00,2.086777777777778,2.1,2.098111111111112,0.7672329999999997,0.0,0.6246537777777779,1.3917326666666665,0.0,0.0,0.0,0.0
2023-09-22 09:07:00,2.1063333333333336,2.132666666666667,2.123555555555556,0.7805099999999999,0.0,0.6328191111111111,1.4133438888888887,0.0,0.0,0.0,0.0
2023-09-22 09:08:00,2.071888888888889,2.093555555555556,2.0865555555555555,0.7646942222222222,0.0,0.6221552222222223,1.3868174444444443,0.0,0.0,0.0,0.0
2023-09-22 09:09:00,2.057777777777777,2.0874444444444444,2.076111111111111,0.7591793333333334,0.0,0.6219998888888889,1.3811586666666666,0.0,0.0,0.0,0.0
2023-09-22 09:10:00,2.0378409090909084,2.0620454545454545,2.054772727272728,0.7573078409090909,0.0,0.6089254545454545,1.3663079545454544,0.0,0.0,0.0,0.0
2023-09-22 09:11:00,2.040555555555556,2.0624444444444445,2.0563333333333333,0.7570003333333334,0.0,0.6083825555555555,1.365391111111111,0.0,0.0,0.0,0.0
2023-09-22 09:12:00,2.0796666666666663,2.092111111111111,2.0914444444444444,0.7683441111111111,0.0,0.6213038888888889,1.3898643333333334,0.0,0.0,0.0,0.0
2023-09-22 09:13:00,2.063218390804599,2.0825287356321844,2.078275862068966,0.7628286206896552,0.0,0.6190234482758621,1.381797471264368,0.0,0.0,0.0,0.0
2023-09-22 09:14:00,2.111538461538462,2.117142857142857,2.120769230769231,0.7710993406593407,0.0,0.6349026373626373,1.403813076923077,0.0,0.0,0.0,0.0
2023-09-22 09:15:00,2.1568131868131872,2.1687912087912085,2.1678021978021977,0.7970904395604397,0.0,0.6488659340659341,1.4460014285714282,0.0,0.0,0.0,0.0
2023-09-22 09:16:00,2.1042857142857145,2.119450549450549,2.1185714285714283,0.7839485714285714,0.0,0.6290446153846154,1.413075164835165,0.0,0.0,0.0,0.0
2023-09-22 09:17:00,2.0874725274725274,2.1008791208791213,2.102087912087913,0.7763079120879122,0.0,0.626823956043956,1.4033538461538462,0.0,0.0,0.0,0.0
2023-09-22 09:18:00,2.060769230769231,2.080329670329671,2.076703296703297,0.7585020879120881,0.0,0.6178591208791209,1.3765743956043957,0.0,0.0,0.0,0.0
2023-09-22 09:19:00,2.1254945054945047,2.1329670329670325,2.135274725274725,0.7797376923076923,0.0,0.6381059340659341,1.4177883516483514,0.0,0.0,0.0,0.0
2023-09-22 09:20:00,2.1202197802197804,2.1314285714285712,2.1303296703296706,0.782815054945055,0.0,0.6371814285714286,1.420072197802198,0.0,0.0,0.0,0.0
2023-09-22 09:21:00,2.0656043956043955,2.089010989010989,2.083296703296704,0.7690208791208791,0.0,0.6155938461538462,1.3846115384615385,0.0,0.0,0.0,0.0
2023-09-22 09:22:00,2.0436666666666667,2.068111111111111,2.0613333333333337,0.7607521111111113,0.0,0.6158064444444444,1.3765722222222223,0.0,0.0,0.0,0.0
2023-09-22 09:23:00,1.9784444444444444,2.003,1.9957777777777777,0.7365146666666669,0.0,0.5917567777777779,1.3284742222222223,0.0,0.0,0.0,0.0
2023-09-22 09:24:00,1.969111111111112,1.986666666666666,1.978888888888889,0.7289247777777778,0.0,0.5819066666666667,1.3156275555555557,0.0,0.0,0.0,0.0
2023-09-22 09:25:00,2.0388888888888883,2.047777777777778,2.048666666666667,0.7557853333333333,0.0,0.6019422222222223,1.3576174444444449,0.0,0.0,0.0,0.0
2023-09-22 09:26:00,2.051444444444445,2.0722222222222224,2.068222222222223,0.757661888888889,0.0,0.6201513333333334,1.3776867777777777,0.0,0.0,0.0,0.0
2023-09-22 09:27:00,2.021888888888889,2.041777777777777,2.035333333333333,0.7478926666666667,0.0,0.6018505555555556,1.3497358888888888,0.0,0.0,0.0,0.0
2023-09-22 09:28:00,2.0556666666666663,2.073222222222222,2.072111111111111,0.7628049999999998,0.0,0.6114372222222223,1.3742224444444444,0.0,0.0,0.0,0.0
2023-09-22 09:29:00,2.039555555555556,2.058111111111111,2.055888888888889,0.7538514444444445,0.0,0.6119534444444444,1.3662626666666668,0.0,0.0,0.0,0.0
2023-09-22 09:30:00,2.0877777777777777,2.1117777777777773,2.102666666666667,0.7730951111111111,0.0,0.6298353333333334,1.402926,0.0,0.0,0.0,0.0
2023-09-22 09:31:00,2.129666666666667,2.150444444444444,2.146777777777777,0.787332,0.0,0.6343332222222221,1.4216496666666665,0.0,0.0,0.0,0.0
2023-09-22 09:32:00,2.104333333333334,2.125,2.1206666666666667,0.7812874444444445,0.0,0.6317609999999999,1.4130413333333334,0.0,0.0,0.0,0.0
2023-09-22 09:33:00,2.093666666666667,2.1163333333333325,2.1096666666666666,0.7709934444444444,0.0,0.6292908888888888,1.400284888888889,0.0,0.0,0.0,0.0
2023-09-22 09:34:00,2.147,2.1677777777777782,2.164111111111111,0.7948538888888889,0.0,0.6471422222222222,1.4419961111111113,0.0,0.0,0.0,0.0
2023-09-22 09:35:00,2.2602222222222226,2.275333333333333,2.276,0.8299714444444443,0.0,0.6813702222222223,1.5113413333333332,0.0,0.0,0.0,0.0
2023-09-22 09:36:00,2.3112222222222223,2.331777777777778,2.325111111111111,0.847199111111111,0.0,0.7048515555555555,1.5522745555555555,0.0,0.0,0.0,0.0
2023-09-22 09:37:00,2.282637362637362,2.301428571428572,2.29956043956044,0.8421993406593405,0.0,0.6914342857142857,1.533638901098901,0.0,0.0,0.0,0.0
2023-09-22 09:38:00,2.3016483516483515,2.321428571428572,2.316813186813187,0.8472565934065933,0.0,0.6966991208791209,1.5438748351648353,0.0,0.0,0.0,0.0
2023-09-22 09:39:00,2.422444444444445,2.450555555555556,2.4414444444444445,0.8899666666666668,0.0,0.7354816666666668,1.6249693333333337,0.0,0.0,0.0,0.0
2023-09-22 09:40:00,2.57967032967033,2.601978021978021,2.593296703296704,0.9421551648351648,0.0,0.7816073626373627,1.7237240659340656,0.0,0.0,0.0,0.0
2023-09-22 09:41:00,2.636444444444444,2.656666666666667,2.650111111111112,0.9623096666666668,0.0,0.8097989999999999,1.7721115555555558,0.0,0.0,0.0,0.0
2023-09-22 09:42:00,2.697888888888889,2.7146666666666666,2.7087777777777786,0.9811033333333332,0.0,0.8263955555555558,1.8073767777777776,0.0,0.0,0.0,0.0
2023-09-22 09:43:00,2.727,2.751111111111111,2.7454444444444444,0.9989802222222224,0.0,0.8321257777777779,1.831047333333333,0.0,0.0,0.0,0.0
2023-09-22 09:44:00,2.733555555555555,2.755111111111112,2.735222222222222,0.9952776666666666,0.0,0.8361757777777777,1.8356223333333328,0.0,0.0,0.0,0.0
2023-09-22 09:45:00,2.7754444444444446,2.797333333333333,2.7918888888888893,1.0093775555555555,0.0,0.8563902222222222,1.8657162222222223,0.0,0.0,0.0,0.0
2023-09-22 09:46:00,2.783333333333333,2.806111111111111,2.797888888888889,1.0134153333333331,0.0,0.85817,1.871546,0.0,0.0,0.0,0.0
2023-09-22 09:47:00,2.801111111111112,2.826888888888889,2.8168888888888888,1.0240862222222222,0.0,0.8581227777777778,1.8822093333333327,0.0,0.0,0.0,0.0
2023-09-22 09:48:00,2.7962222222222226,2.820888888888889,2.8143333333333334,1.023848888888889,0.0,0.8584506666666667,1.882299777777778,0.0,0.0,0.0,0.0
2023-09-22 09:49:00,2.798555555555556,2.812333333333333,2.815111111111112,1.0203955555555555,0.0,0.8608396666666666,1.8812351111111112,0.0,0.0,0.0,0.0
2023-09-22 09:50:00,2.7835164835164834,2.8083516483516484,2.8004395604395604,1.0172762637362638,0.0,0.8520758241758242,1.869358021978022,0.0,0.0,0.0,0.0
2023-09-22 09:51:00,2.7881111111111108,2.8107777777777776,2.803333333333334,1.0172104444444443,0.0,0.8566627777777778,1.873882888888889,0.0,0.0,0.0,0.0
2023-09-22 09:52:00,2.685222222222222,2.709222222222222,2.7056666666666667,0.9847351111111112,0.0,0.8221525555555556,1.808511111111111,0.0,0.0,0.0,0.0
2023-09-22 09:53:00,2.607111111111111,2.6327777777777777,2.6234444444444445,0.953136,0.0,0.7943636666666668,1.7460601111111107,0.0,0.0,0.0,0.0
2023-09-22 09:54:00,2.54043956043956,2.5663736263736268,2.566923076923077,0.9286123076923076,0.0,0.7815591208791209,1.703379230769231,0.0,0.0,0.0,0.0
2023-09-22 09:55:00,2.825454545454545,2.853409090909091,2.843068181818182,1.02800125,0.0,0.8662489772727273,1.8938978409090907,0.0,0.0,0.0,0.0
2023-09-22 09:56:00,2.8460439560439568,2.871758241758242,2.8626373626373627,1.0390848351648354,0.0,0.8707601098901099,1.909863736263736,0.0,0.0,0.0,0.0
2023-09-22 09:57:00,2.839230769230769,2.861648351648352,2.8554945054945065,1.0356939560439562,0.0,0.8696595604395605,1.905331648351648,0.0,0.0,0.0,0.0
2023-09-22 09:58:00,2.836043956043956,2.856593406593407,2.853516483516484,1.0342596703296705,0.0,0.8693254945054946,1.90363043956044,0.0,0.0,0.0,0.0
2023-09-22 09:59:00,2.8228735632183914,2.8471264367816103,2.8394252873563213,1.0312249425287354,0.0,0.8637393103448275,1.8949740229885053,0.0,0.0,0.0,0.0
2023-09-22 10:00:00,2.840444444444444,2.8642222222222227,2.8582222222222224,1.036662,0.0,0.870418111111111,1.9070597777777776,0.0,0.0,0.0,0.0
2023-09-22 10:01:00,2.832555555555555,2.8568888888888897,2.844888888888889,1.0313374444444443,0.0,0.8730028888888888,1.9044274444444445,0.0,0.0,0.0,0.0
2023-09-22 10:02:00,2.8142222222222224,2.839666666666667,2.8328888888888883,1.0297518888888888,0.0,0.8620881111111113,1.8919013333333328,0.0,0.0,0.0,0.0
2023-09-22 10:03:00,2.8020000000000005,2.8280000000000003,2.8210000000000006,1.0229842222222223,0.0,0.8579785555555556,1.880946555555556,0.0,0.0,0.0,0.0
2023-09-22 10:04:00,2.836436781609196,2.855632183908045,2.860689655172413,1.035107816091954,0.0,0.8689512643678161,1.9045017241379312,0.0,0.0,0.0,0.0
2023-09-22 10:05:00,2.879777777777777,2.907333333333333,2.895999999999999,1.0467975555555555,0.0,0.8860709999999999,1.9247763333333328,0.0,0.0,0.0,0.0
2023-09-22 10:06:00,2.9086813186813187,2.936703296703297,2.9260439560439564,1.0540518681318682,0.0,0.8998135164835164,1.9536431868131872,0.0,0.0,0.0,0.0
2023-09-22 10:07:00,2.9507777777777773,2.9818888888888897,2.9713333333333334,1.0701658888888887,0.0,0.909942,1.980031666666667,0.0,0.0,0.0,0.0
2023-09-22 10:08:00,2.9437777777777785,2.971222222222222,2.9626666666666663,1.0710737777777777,0.0,0.9039397777777778,1.975128111111112,0.0,0.0,0.0,0.0
2023-09-22 10:09:00,2.9196703296703297,2.946703296703296,2.938681318681319,1.064837912087912,0.0,0.8945270329670328,1.959386483516484,0.0,0.0,0.0,0.0
2023-09-22 10:10:00,2.925604395604396,2.9538461538461536,2.9432967032967032,1.066262857142857,0.0,0.8960495604395607,1.9623086813186807,0.0,0.0,0.0,0.0
2023-09-22 10:11:00,2.931888888888889,2.960111111111112,2.951222222222221,1.063054333333333,0.0,0.9045819999999998,1.9675482222222225,0.0,0.0,0.0,0.0
2023-09-22 10:12:00,2.95087912087912,2.9795604395604407,2.96967032967033,1.0671076923076923,0.0,0.9124787912087912,1.979584615384615,0.0,0.0,0.0,0.0
2023-09-22 10:13:00,2.9561797752808987,2.975730337078652,2.974382022471909,1.074469775280899,0.0,0.9048786516853932,1.9793042696629213,0.0,0.0,0.0,0.0
2023-09-22 10:14:00,2.939666666666667,2.962888888888889,2.957,1.0712498888888888,0.0,0.9000576666666669,1.971326666666667,0.0,0.0,0.0,0.0
2023-09-22 10:15:00,2.8507777777777776,2.8586666666666662,2.868,1.0332628888888886,0.0,0.8770982222222222,1.9063176666666664,0.0,0.0,0.0,0.0
2023-09-22 10:16:00,2.8584444444444443,2.884,2.875777777777777,1.0410883333333332,0.0,0.875426111111111,1.91652,0.0,0.0,0.0,0.0
2023-09-22 10:17:00,2.877111111111111,2.907555555555555,2.8964444444444446,1.0478826666666663,0.0,0.8829646666666668,1.9308471111111107,0.0,0.0,0.0,0.0
2023-09-22 10:18:00,2.833,2.8615555555555563,2.851888888888889,1.027045,0.0,0.8742151111111112,1.9013807777777776,0.0,0.0,0.0,0.0
2023-09-22 10:19:00,2.671333333333334,2.7002222222222225,2.693333333333333,0.9773621111111112,0.0,0.8157954444444444,1.793850555555556,0.0,0.0,0.0,0.0
2023-09-22 10:20:00,2.543,2.568,2.563111111111111,0.9311793333333334,0.0,0.7734341111111108,1.7045422222222224,0.0,0.0,0.0,0.0
2023-09-22 10:21:00,2.603333333333333,2.6272222222222226,2.619777777777778,0.9417026666666668,0.0,0.7973235555555557,1.7391744444444448,0.0,0.0,0.0,0.0
2023-09-22 10:22:00,2.635111111111111,2.648555555555556,2.6482222222222225,0.9548452222222222,0.0,0.7990586666666666,1.753668777777778,0.0,0.0,0.0,0.0
2023-09-22 10:23:00,2.718555555555555,2.7427777777777784,2.736,0.9878428888888888,0.0,0.8264396666666667,1.8142043333333333,0.0,0.0,0.0,0.0
2023-09-22 10:24:00,2.608777777777778,2.6323333333333334,2.625555555555556,0.9502612222222222,0.0,0.7949321111111112,1.7451738888888886,0.0,0.0,0.0,0.0
2023-09-22 10:25:00,2.3692222222222217,2.405777777777778,2.388666666666667,0.8749994444444444,0.0,0.7151903333333334,1.5943943333333337,0.0,0.0,0.0,0.0
2023-09-22 10:26:00,2.262777777777778,2.283888888888889,2.2787777777777776,0.8276937777777778,0.0,0.6815616666666666,1.509258666666667,0.0,0.0,0.0,0.0
2023-09-22 10:27:00,2.2698888888888886,2.2898888888888886,2.2868888888888885,0.829166888888889,0.0,0.6864514444444445,1.5156184444444445,0.0,0.0,0.0,0.0
2023-09-22 10:28:00,2.257362637362637,2.277252747252746,2.2759340659340657,0.8278743956043957,0.0,0.6793232967032966,1.50771,0.0,0.0,0.0,0.0
2023-09-22 10:29:00,2.181098901098901,2.1962637362637367,2.195494505494506,0.8030294505494506,0.0,0.6528491208791208,1.4560814285714283,0.0,0.0,0.0,0.0
2023-09-22 10:30:00,2.084175824175824,2.104505494505495,2.101318681318681,0.7692786813186814,0.0,0.6196228571428571,1.3884502197802198,0.0,0.0,0.0,0.0
2023-09-22 10:31:00,2.201666666666666,2.222777777777778,2.2186666666666666,0.8048568888888888,0.0,0.6592865555555555,1.4635504444444445,0.0,0.0,0.0,0.0
2023-09-22 10:32:00,2.4134065934065934,2.433846153846153,2.423956043956044,0.8756269230769231,0.0,0.7315843956043955,1.6064760439560442,0.0,0.0,0.0,0.0
2023-09-22 10:33:00,2.6072527472527467,2.6262637362637355,2.6217582417582417,0.9420963736263736,0.0,0.7971096703296703,1.738956813186813,0.0,0.0,0.0,0.0
2023-09-22 10:34:00,2.662417582417583,2.683516483516483,2.6783516483516485,0.9687342857142858,0.0,0.8127623076923075,1.781485714285714,0.0,0.0,0.0,0.0
2023-09-22 10:35:00,2.6813333333333333,2.7110000000000003,2.7128888888888896,0.9756272222222224,0.0,0.8229377777777777,1.7950684444444442,0.0,0.0,0.0,0.0
2023-09-22 10:36:00,2.790454545454545,2.820227272727273,2.81,1.0100988636363637,0.0,0.8557106818181819,1.865815795454545,0.0,0.0,0.0,0.0
2023-09-22 10:37:00,2.91,2.9422222222222234,2.9254444444444445,1.0475763333333332,0.0,0.8988034444444446,1.9463468888888888,0.0,0.0,0.0,0.0
2023-09-22 10:38:00,2.988888888888889,3.0164444444444447,3.005111111111112,1.0826347777777778,0.0,0.9176632222222224,2.0003377777777778,0.0,0.0,0.0,0.0
2023-09-22 10:39:00,3.08188888888889,3.1059999999999994,3.101444444444444,1.1191398888888886,0.0,0.948564888888889,2.066923222222222,0.0,0.0,0.0,0.0
2023-09-22 10:40:00,3.185111111111112,3.2232222222222213,3.2075555555555564,1.1571091111111114,0.0,0.9828175555555556,2.139690222222222,0.0,0.0,0.0,0.0
2023-09-22 10:41:00,3.24611111111111,3.2887777777777765,3.276,1.172641,0.0,1.010238222222222,2.1827276666666666,0.0,0.0,0.0,0.0
2023-09-22 10:42:00,3.284111111111112,3.3167777777777765,3.3054444444444453,1.1841252222222225,0.0,1.021976777777778,2.2061531111111115,0.0,0.0,0.0,0.0
2023-09-22 10:43:00,3.257555555555556,3.285444444444444,3.275777777777777,1.1774083333333334,0.0,1.0071418888888888,2.184655888888889,0.0,0.0,0.0,0.0
2023-09-22 10:44:00,3.203444444444445,3.2373333333333343,3.22611111111111,1.163420222222222,0.0,0.9907594444444444,2.154510555555556,0.0,0.0,0.0,0.0
2023-09-22 10:45:00,3.0627777777777774,3.102555555555556,3.089,1.1194670000000002,0.0,0.9477731111111112,2.067261777777777,0.0,0.0,0.0,0.0
2023-09-22 10:46:00,3.04032967032967,3.0702197802197806,3.059999999999999,1.1091331868131868,0.0,0.9348462637362638,2.04397978021978,0.0,0.0,0.0,0.0
2023-09-22 10:47:00,2.9831111111111115,3.022666666666667,3.0097777777777783,1.089390888888889,0.0,0.920927,2.010312777777778,0.0,0.0,0.0,0.0
2023-09-22 10:48:00,3.0027472527472527,3.032087912087912,3.0195604395604385,1.0843930769230767,0.0,0.9229465934065936,2.0072313186813187,0.0,0.0,0.0,0.0
2023-09-22 10:49:00,3.049230769230769,3.0780219780219777,3.068461538461538,1.1047321978021978,0.0,0.9363224175824176,2.0410107692307693,0.0,0.0,0.0,0.0
2023-09-22 10:50:00,3.075604395604395,3.103186813186813,3.0949450549450552,1.1121642857142855,0.0,0.9483013186813186,2.060299230769231,0.0,0.0,0.0,0.0
2023-09-22 10:51:00,3.061318681318682,3.093076923076922,3.0842857142857145,1.1123321978021976,0.0,0.944098131868132,2.0568584615384613,0.0,0.0,0.0,0.0
2023-09-22 10:52:00,3.106483516483517,3.134285714285714,3.126483516483517,1.1244623076923077,0.0,0.949303076923077,2.073317692307692,0.0,0.0,0.0,0.0
2023-09-22 10:53:00,3.1710989010989006,3.192747252747253,3.187582417582417,1.1499146153846154,0.0,0.973317912087912,2.12322934065934,0.0,0.0,0.0,0.0
2023-09-22 10:54:00,3.1198888888888883,3.1385555555555547,3.134888888888889,1.1271694444444442,0.0,0.9648451111111112,2.092025777777778,0.0,0.0,0.0,0.0
2023-09-22 10:55:00,3.136222222222222,3.1613333333333324,3.163444444444444,1.1337225555555557,0.0,0.9661758888888888,2.096249555555556,0.0,0.0,0.0,0.0
2023-09-22 10:56:00,3.231428571428572,3.261318681318681,3.2520879120879127,1.1715504395604397,0.0,0.9978900000000002,2.16941,0.0,0.0,0.0,0.0
2023-09-22 10:57:00,3.2426373626373626,3.2702197802197794,3.258351648351648,1.1700889010989013,0.0,1.007052087912088,2.1769135164835167,0.0,0.0,0.0,0.0
2023-09-22 10:58:00,3.3088888888888883,3.3343333333333325,3.3276666666666657,1.1957885555555554,0.0,1.0226516666666667,2.218483555555556,0.0,0.0,0.0,0.0
2023-09-22 10:59:00,3.3000000000000007,3.329999999999998,3.319999999999999,1.1968011494252877,0.0,1.0178177011494252,2.214604942528736,0.0,0.0,0.0,0.0
2023-09-22 11:00:00,3.2919780219780224,3.3171428571428567,3.311318681318681,1.192924065934066,0.0,1.0160986813186814,2.2090356043956043,0.0,0.0,0.0,0.0
2023-09-22 11:01:00,3.284111111111112,3.3112222222222223,3.302222222222221,1.18521,0.0,1.0196124444444443,2.204829111111111,0.0,0.0,0.0,0.0
2023-09-22 11:02:00,3.234555555555555,3.2668888888888885,3.2556666666666665,1.1737456666666666,0.0,1.006503,2.180353333333333,0.0,0.0,0.0,0.0
2023-09-22 11:03:00,3.1837777777777774,3.2091111111111115,3.203444444444445,1.166436111111111,0.0,0.9888021111111112,2.155237333333333,0.0,0.0,0.0,0.0
2023-09-22 11:04:00,3.1889010989011,3.2184615384615385,3.2094505494505494,1.1649345054945055,0.0,0.9935424175824176,2.1585093406593403,0.0,0.0,0.0,0.0
2023-09-22 11:05:00,3.168444444444444,3.183,3.1880000000000006,1.149811,0.0,0.990883,2.136518,0.0,0.0,0.0,0.0
2023-09-22 11:06:00,3.2224444444444447,3.244333333333333,3.237888888888889,1.1741263333333334,0.0,1.005976111111111,2.180099666666667,0.0,0.0,0.0,0.0
2023-09-22 11:07:00,3.257888888888888,3.291777777777777,3.279555555555555,1.1926216666666667,0.0,1.012850222222222,2.2054113333333336,0.0,0.0,0.0,0.0
2023-09-22 11:08:00,3.285,3.3128888888888883,3.304333333333333,1.1965187777777777,0.0,1.028948888888889,2.225449222222222,0.0,0.0,0.0,0.0
2023-09-22 11:09:00,3.3128888888888883,3.3376666666666663,3.3322222222222218,1.2052525555555555,0.0,1.037473,2.242703222222222,0.0,0.0,0.0,0.0
2023-09-22 11:10:00,3.301111111111112,3.3301111111111115,3.321333333333333,1.2063406666666667,0.0,1.0265148888888889,2.233017555555556,0.0,0.0,0.0,0.0
2023-09-22 11:11:00,3.2872222222222223,3.315666666666666,3.3064444444444447,1.1984973333333335,0.0,1.0264093333333333,2.2248224444444444,0.0,0.0,0.0,0.0
2023-09-22 11:12:00,3.226111111111112,3.265999999999999,3.2510000000000003,1.175525,0.0,1.012997666666667,2.1890344444444443,0.0,0.0,0.0,0.0
2023-09-22 11:13:00,3.0857777777777766,3.119888888888889,3.1070000000000007,1.1227526666666667,0.0,0.9616464444444444,2.0845410000000006,0.0,0.0,0.0,0.0
2023-09-22 11:14:00,3.076888888888889,3.1111111111111103,3.096888888888889,1.1283308888888888,0.0,0.9519006666666664,2.080281555555556,0.0,0.0,0.0,0.0
2023-09-22 11:15:00,3.024222222222223,3.049222222222222,3.0416666666666665,1.1058522222222222,0.0,0.9419145555555556,2.04786711111111,0.0,0.0,0.0,0.0
2023-09-22 11:16:00,3.022777777777778,3.0576666666666665,3.041111111111112,1.1068484444444444,0.0,0.9382331111111112,2.047946333333333,0.0,0.0,0.0,0.0
2023-09-22 11:17:00,3.103296703296703,3.122857142857144,3.115824175824176,1.1252653846153846,0.0,0.9631395604395604,2.0884230769230765,0.0,0.0,0.0,0.0
2023-09-22 11:18:00,3.126136363636363,3.150454545454545,3.1430681818181823,1.1365686363636365,0.0,0.974858409090909,2.1115009090909087,0.0,0.0,0.0,0.0
2023-09-22 11:19:00,3.115888888888889,3.1447777777777777,3.134111111111112,1.1385045555555555,0.0,0.9607505555555556,2.0990332222222223,0.0,0.0,0.0,0.0
2023-09-22 11:20:00,3.2594505494505484,3.287472527472528,3.2730769230769234,1.176832087912088,0.0,1.0144818681318684,2.190564945054945,0.0,0.0,0.0,0.0
2023-09-22 11:21:00,3.2168181818181822,3.246931818181818,3.2388636363636363,1.1748697727272726,0.0,1.0110054545454543,2.1863705681818177,0.0,0.0,0.0,0.0
2023-09-22 11:22:00,3.2012222222222224,3.2333333333333334,3.222000000000001,1.175142111111111,0.0,0.9971014444444444,2.172091111111111,0.0,0.0,0.0,0.0
2023-09-22 11:23:00,3.0820000000000007,3.11,3.1018888888888885,1.1323801111111111,0.0,0.9567077777777778,2.0901555555555555,0.0,0.0,0.0,0.0
2023-09-22 11:24:00,3.278333333333333,3.307666666666666,3.2965555555555555,1.1892158888888889,0.0,1.026447,2.214513,0.0,0.0,0.0,0.0
2023-09-22 11:25:00,3.377666666666667,3.414,3.402000000000001,1.234586111111111,0.0,1.0620492222222224,2.296959444444445,0.0,0.0,0.0,0.0
2023-09-22 11:26:00,3.180333333333333,3.199444444444445,3.202555555555555,1.1607915555555557,0.0,0.9862704444444444,2.1429222222222224,0.0,0.0,0.0,0.0
2023-09-22 11:27:00,2.9098888888888887,2.9352222222222224,2.9298888888888883,1.070498666666667,0.0,0.8980149999999998,1.969600111111111,0.0,0.0,0.0,0.0
2023-09-22 11:28:00,2.346222222222222,2.367888888888889,2.3658888888888887,0.8728985555555556,0.0,0.7116946666666667,1.5864468888888887,0.0,0.0,0.0,0.0
2023-09-22 11:29:00,1.9883333333333333,2.007555555555556,2.0056666666666665,0.7432228888888887,0.0,0.5939357777777777,1.3377214444444443,0.0,0.0,0.0,0.0
2023-09-22 11:30:00,1.537,1.552555555555556,1.5509999999999995,0.580141111111111,0.0,0.4484323333333332,1.0285874444444445,0.0,0.0,0.0,0.0
2023-09-22 11:31:00,2.2034444444444445,2.2327777777777778,2.221222222222222,0.8103076666666668,0.0,0.6687566666666667,1.476349,0.0,0.0,0.0,0.0
2023-09-22 11:32:00,3.108777777777778,3.1390000000000007,3.131,1.1444246666666666,0.0,0.9614103333333336,2.106158777777778,0.0,0.0,0.0,0.0
2023-09-22 11:33:00,3.099666666666667,3.1330000000000005,3.121666666666667,1.1391823333333335,0.0,0.9623418888888888,2.101519333333333,0.0,0.0,0.0,0.0
2023-09-22 11:34:00,2.9113333333333324,2.946111111111112,2.933333333333334,1.068277888888889,0.0,0.909875111111111,1.9781522222222223,0.0,0.0,0.0,0.0
2023-09-22 11:35:00,2.350444444444445,2.372444444444445,2.3676666666666666,0.8678319999999999,0.0,0.7178103333333333,1.5856422222222222,0.0,0.0,0.0,0.0
2023-09-22 11:36:00,2.6111111111111107,2.638111111111112,2.6246666666666667,0.9630460000000004,0.0,0.7971508888888886,1.7692164444444445,0.0,0.0,0.0,0.0
2023-09-22 11:37:00,3.088777777777778,3.116555555555556,3.1023333333333336,1.1319652222222223,0.0,0.9593305555555556,2.0877175555555554,0.0,0.0,0.0,0.0
2023-09-22 11:38:00,3.4387777777777777,3.474444444444445,3.466111111111112,1.2570367777777778,0.0,1.0829046666666666,2.3397842222222223,0.0,0.0,0.0,0.0
2023-09-22 11:39:00,3.400444444444445,3.431,3.4240000000000004,1.2401483333333334,0.0,1.0728788888888887,2.3132391111111112,0.0,0.0,0.0,0.0
2023-09-22 11:40:00,3.375222222222223,3.403222222222222,3.395555555555555,1.2348131111111111,0.0,1.0616221111111113,2.2964497777777777,0.0,0.0,0.0,0.0
2023-09-22 11:41:00,3.372555555555556,3.399777777777778,3.3937777777777782,1.237976666666667,0.0,1.05158,2.2895206666666668,0.0,0.0,0.0,0.0
2023-09-22 11:42:00,3.3571428571428563,3.3853846153846145,3.378351648351648,1.225652197802198,0.0,1.0551116483516485,2.2804635164835165,0.0,0.0,0.0,0.0
2023-09-22 11:43:00,3.366444444444446,3.3916666666666666,3.383888888888889,1.225456,0.0,1.060326888888889,2.2858403333333333,0.0,0.0,0.0,0.0
2023-09-22 11:44:00,3.32043956043956,3.351538461538462,3.340549450549449,1.2104293406593405,0.0,1.04518967032967,2.255634505494505,0.0,0.0,0.0,0.0
2023-09-22 11:45:00,3.26967032967033,3.294505494505493,3.2872527472527464,1.191117142857143,0.0,1.0271109890109893,2.21909010989011,0.0,0.0,0.0,0.0
2023-09-22 11:46:00,3.2331111111111115,3.2646666666666664,3.2656666666666663,1.1846415555555556,0.0,1.0166683333333335,2.196514555555556,0.0,0.0,0.0,0.0
2023-09-22 11:47:00,3.077111111111111,3.105111111111112,3.0973333333333333,1.1363855555555558,0.0,0.955788777777778,2.091222333333333,0.0,0.0,0.0,0.0
2023-09-22 11:48:00,3.1695555555555552,3.1990000000000003,3.1906666666666674,1.1618537777777778,0.0,0.9923744444444444,2.1542454444444443,0.0,0.0,0.0,0.0
2023-09-22 11:49:00,3.147777777777778,3.1755555555555555,3.166555555555557,1.1505705555555557,0.0,0.9879722222222224,2.138541666666667,0.0,0.0,0.0,0.0
2023-09-22 11:50:00,3.204555555555556,3.233555555555556,3.2241111111111107,1.1678814444444443,0.0,1.0023556666666666,2.1701166666666665,0.0,0.0,0.0,0.0
2023-09-22 11:51:00,3.23088888888889,3.263888888888889,3.2539999999999987,1.185677,0.0,1.0083775555555556,2.194092555555556,0.0,0.0,0.0,0.0
2023-09-22 11:52:00,3.2588888888888885,3.290888888888889,3.280666666666668,1.195473111111111,0.0,1.018511333333333,2.2139887777777782,0.0,0.0,0.0,0.0
2023-09-22 11:53:00,3.27,3.3,3.29,1.1975183333333332,0.0,1.0243724444444444,2.221888555555556,0.0,0.0,0.0,0.0
2023-09-22 11:54:00,3.2635555555555547,3.292444444444444,3.283444444444444,1.1903216666666667,0.0,1.0265099999999998,2.216891,0.0,0.0,0.0,0.0
2023-09-22 11:55:00,3.2528888888888887,3.287777777777776,3.275444444444445,1.1937619999999998,0.0,1.0160556666666665,2.2098502222222223,0.0,0.0,0.0,0.0
2023-09-22 11:56:00,3.2323333333333344,3.2627777777777776,3.246777777777777,1.1859063333333333,0.0,1.006826,2.194964111111111,0.0,0.0,0.0,0.0
2023-09-22 11:57:00,3.241111111111113,3.278777777777778,3.268555555555555,1.1907557777777775,0.0,1.014739,2.2054986666666667,0.0,0.0,0.0,0.0
2023-09-22 11:58:00,3.2302222222222223,3.2596666666666656,3.2508888888888885,1.185566,0.0,1.0090879999999998,2.194671222222222,0.0,0.0,0.0,0.0
2023-09-22 11:59:00,3.244,3.275,3.267444444444445,1.1900494444444445,0.0,1.011194111111111,2.201199666666666,0.0,0.0,0.0,0.0
2023-09-22 12:00:00,3.2766666666666664,3.307555555555555,3.2980000000000005,1.1951733333333334,0.0,1.0191613333333334,2.214304,0.0,0.0,0.0,0.0
2023-09-22 12:01:00,3.275054945054944,3.3067032967032968,3.296483516483516,1.1894604395604398,0.0,1.02362989010989,2.213037802197802,0.0,0.0,0.0,0.0
2023-09-22 12:02:00,3.295824175824176,3.326923076923075,3.317362637362637,1.1963132967032966,0.0,1.0298952747252743,2.226174175824176,0.0,0.0,0.0,0.0
2023-09-22 12:03:00,3.292888888888889,3.321555555555555,3.3131111111111107,1.200300666666667,0.0,1.0191948888888889,2.219541444444445,0.0,0.0,0.0,0.0
2023-09-22 12:04:00,3.268749999999999,3.298409090909091,3.29,1.1934334090909091,0.0,1.0116860227272726,2.2051759090909093,0.0,0.0,0.0,0.0
2023-09-22 12:05:00,3.2556666666666665,3.2863333333333324,3.2765555555555554,1.1858265555555556,0.0,1.0134935555555555,2.199283444444444,0.0,0.0,0.0,0.0
2023-09-22 12:06:00,3.234777777777777,3.254111111111111,3.2564444444444445,1.1686194444444449,0.0,1.0131365555555556,2.1770841111111108,0.0,0.0,0.0,0.0
2023-09-22 12:07:00,3.264831460674157,3.2953932584269667,3.2858426966292127,1.1903311235955056,0.0,1.0126832584269665,2.2029680898876407,0.0,0.0,0.0,0.0
2023-09-22 12:08:00,3.289555555555556,3.3196666666666665,3.3097777777777777,1.1972435555555554,0.0,1.0226525555555557,2.2198244444444444,0.0,0.0,0.0,0.0
2023-09-22 12:09:00,3.3007777777777783,3.333222222222223,3.3232222222222214,1.1977316666666666,0.0,1.0329536666666663,2.2306816666666665,0.0,0.0,0.0,0.0
2023-09-22 12:10:00,3.315333333333333,3.346777777777779,3.338777777777778,1.2045927777777778,0.0,1.035747777777778,2.240342,0.0,0.0,0.0,0.0
2023-09-22 12:11:00,3.2491111111111106,3.287111111111112,3.272666666666668,1.190966222222222,0.0,1.004662666666667,2.195629555555556,0.0,0.0,0.0,0.0
2023-09-22 12:12:00,3.1907777777777784,3.221333333333333,3.2125555555555563,1.1655311111111113,0.0,0.987725111111111,2.153417888888889,0.0,0.0,0.0,0.0
2023-09-22 12:13:00,3.117241379310344,3.1445977011494266,3.135172413793103,1.1311655172413793,0.0,0.9675652873563216,2.0991093103448275,0.0,0.0,0.0,0.0
2023-09-22 12:14:00,3.1084444444444443,3.138777777777777,3.127555555555555,1.124010111111111,0.0,0.9690672222222222,2.093112111111111,0.0,0.0,0.0,0.0
2023-09-22 12:15:00,3.1946666666666665,3.2228888888888894,3.215444444444445,1.1552773333333333,0.0,0.9914015555555554,2.146554111111111,0.0,0.0,0.0,0.0
2023-09-22 12:16:00,3.2119780219780227,3.24076923076923,3.2320879120879127,1.1669913186813186,0.0,1.0001832967032969,2.1671776923076926,0.0,0.0,0.0,0.0
2023-09-22 12:17:00,3.166813186813186,3.1950549450549453,3.185384615384616,1.15743010989011,0.0,0.9876548351648352,2.145226043956044,0.0,0.0,0.0,0.0
2023-09-22 12:18:00,3.1972222222222224,3.2260000000000004,3.219555555555557,1.1712653333333334,0.0,0.9944248888888888,2.1658373333333336,0.0,0.0,0.0,0.0
2023-09-22 12:19:00,3.1627586206896567,3.191494252873563,3.1842528735632185,1.1538127586206897,0.0,0.9868256321839084,2.1406914942528736,0.0,0.0,0.0,0.0
2023-09-22 12:20:00,3.158111111111112,3.187222222222222,3.1822222222222227,1.1504046666666667,0.0,0.9815701111111113,2.131947888888889,0.0,0.0,0.0,0.0
2023-09-22 12:21:00,3.173222222222221,3.203444444444445,3.1937777777777785,1.1535145555555557,0.0,0.9884957777777778,2.142057,0.0,0.0,0.0,0.0
2023-09-22 12:22:00,3.147333333333334,3.1766666666666663,3.1682222222222225,1.143292111111111,0.0,0.9823956666666666,2.1256907777777783,0.0,0.0,0.0,0.0
2023-09-22 12:23:00,3.1740000000000004,3.203444444444444,3.194777777777777,1.154893111111111,0.0,0.9882988888888888,2.143137555555556,0.0,0.0,0.0,0.0
2023-09-22 12:24:00,3.264222222222222,3.2944444444444443,3.285333333333333,1.1823225555555557,0.0,1.0217686666666663,2.204049222222222,0.0,0.0,0.0,0.0
2023-09-22 12:25:00,3.3198888888888893,3.348,3.344444444444445,1.2106451111111112,0.0,1.0307940000000002,2.241334777777777,0.0,0.0,0.0,0.0
2023-09-22 12:26:00,3.3726666666666656,3.4015555555555554,3.392444444444445,1.223327111111111,0.0,1.0530374444444444,2.2762368888888886,0.0,0.0,0.0,0.0
2023-09-22 12:27:00,3.388333333333333,3.4231111111111114,3.4199999999999995,1.225692888888889,0.0,1.064687111111111,2.287028888888889,0.0,0.0,0.0,0.0
2023-09-22 12:28:00,3.434777777777778,3.4650000000000003,3.456444444444445,1.2497901111111112,0.0,1.0675546666666669,2.3174158888888887,0.0,0.0,0.0,0.0
2023-09-22 12:29:00,3.4221111111111124,3.449888888888889,3.442555555555556,1.2451838888888889,0.0,1.0638946666666669,2.309049666666667,0.0,0.0,0.0,0.0
2023-09-22 12:30:00,3.403555555555555,3.431333333333334,3.4233333333333347,1.2358489999999998,0.0,1.0603055555555556,2.296248111111112,0.0,0.0,0.0,0.0
2023-09-22 12:31:00,3.4015555555555554,3.4328888888888893,3.4227777777777773,1.2316695555555557,0.0,1.0637663333333334,2.295307333333333,0.0,0.0,0.0,0.0
2023-09-22 12:32:00,3.4474444444444443,3.478000000000001,3.468888888888888,1.247039,0.0,1.0815577777777778,2.328637111111111,0.0,0.0,0.0,0.0
2023-09-22 12:33:00,3.332333333333333,3.367222222222222,3.354888888888888,1.2121164444444443,0.0,1.0357774444444443,2.247987777777778,0.0,0.0,0.0,0.0
2023-09-22 12:34:00,3.19551724137931,3.229540229885055,3.21390804597701,1.1622644827586206,0.0,0.9935171264367818,2.156305632183908,0.0,0.0,0.0,0.0
2023-09-22 12:35:00,3.126781609195404,3.153103448275863,3.147586206896552,1.1381462068965515,0.0,0.9700140229885056,2.109250344827586,0.0,0.0,0.0,0.0
2023-09-22 12:36:00,2.6891111111111106,2.715777777777778,2.712,0.9900762222222222,0.0,0.820089111111111,1.810609777777778,0.0,0.0,0.0,0.0
2023-09-22 12:37:00,3.0404444444444443,3.067888888888889,3.0507777777777783,1.093454,0.0,0.939478777777778,2.033034222222222,0.0,0.0,0.0,0.0
2023-09-22 12:38:00,3.563516483516484,3.592967032967032,3.5827472527472524,1.2862104395604397,0.0,1.115693956043956,2.401948241758242,0.0,0.0,0.0,0.0
2023-09-22 12:39:00,3.4979120879120886,3.527362637362637,3.523956043956044,1.2690309890109892,0.0,1.0905910989010987,2.359614175824176,0.0,0.0,0.0,0.0
2023-09-22 12:40:00,3.530879120879121,3.5496703296703287,3.543186813186814,1.2784214285714284,0.0,1.0926904395604395,2.3711104395604394,0.0,0.0,0.0,0.0
2023-09-22 12:41:00,3.592527472527473,3.62065934065934,3.610769230769231,1.2922145054945056,0.0,1.1224748351648353,2.4143132967032965,0.0,0.0,0.0,0.0
2023-09-22 12:42:00,3.617,3.647222222222221,3.637000000000001,1.303902,0.0,1.134547888888889,2.438460222222222,0.0,0.0,0.0,0.0
2023-09-22 12:43:00,3.5847777777777785,3.617333333333334,3.6073333333333335,1.298658,0.0,1.119664111111111,2.418139222222222,0.0,0.0,0.0,0.0
2023-09-22 12:44:00,3.622555555555557,3.660777777777778,3.6466666666666665,1.3182931111111111,0.0,1.1253828888888886,2.4436243333333336,0.0,0.0,0.0,0.0
2023-09-22 12:45:00,3.579333333333334,3.603888888888889,3.598111111111112,1.2949337777777776,0.0,1.1226482222222225,2.417593666666667,0.0,0.0,0.0,0.0
2023-09-22 12:46:00,3.5803333333333334,3.608,3.600111111111111,1.291127777777778,0.0,1.1228603333333331,2.413861444444444,0.0,0.0,0.0,0.0
2023-09-22 12:47:00,3.563888888888889,3.589222222222222,3.5782222222222217,1.2897384444444444,0.0,1.104283222222222,2.395277666666667,0.0,0.0,0.0,0.0
2023-09-22 12:48:00,2.777222222222222,2.798,2.807333333333333,1.019849111111111,0.0,0.8531472222222223,1.881961777777778,0.0,0.0,0.0,0.0
2023-09-22 12:49:00,1.2034065934065934,1.2180219780219783,1.2163736263736264,0.4512656043956044,0.0,0.3347740659340659,0.7864758241758243,0.0,0.0,0.0,0.0
2023-09-22 12:50:00,1.1142857142857148,1.123406593406593,1.1249450549450546,0.4193750549450549,0.0,0.3023050549450549,0.7217924175824175,0.0,0.0,0.0,0.0
2023-09-22 12:51:00,1.1079120879120876,1.1240659340659342,1.1218681318681318,0.4183897802197802,0.0,0.2971896703296703,0.715670879120879,0.0,0.0,0.0,0.0
2023-09-22 12:52:00,1.1152747252747257,1.1213186813186815,1.122967032967033,0.4184684615384614,0.0,0.3023520879120879,0.7208176923076922,0.0,0.0,0.0,0.0
2023-09-22 12:53:00,1.1685555555555551,1.1847777777777777,1.1825555555555554,0.4405101111111111,0.0,0.3223666666666667,0.7628772222222221,0.0,0.0,0.0,0.0
2023-09-22 12:54:00,1.1945555555555551,1.2055555555555555,1.2053333333333334,0.4469913333333334,0.0,0.3282277777777777,0.775219,0.0,0.0,0.0,0.0
2023-09-22 12:55:00,1.1893333333333334,1.2044444444444442,1.2003333333333333,0.4448619999999999,0.0,0.3275943333333334,0.7724722222222221,0.0,0.0,0.0,0.0
2023-09-22 12:56:00,1.1946666666666663,1.205888888888889,1.2072222222222226,0.4446654444444443,0.0,0.3272097777777778,0.7718053333333333,0.0,0.0,0.0,0.0
2023-09-22 12:57:00,1.2814444444444446,1.2985555555555557,1.287777777777778,0.4758813333333332,0.0,0.3568706666666666,0.8345429999999999,0.0,0.0,0.0,0.0
2023-09-22 12:58:00,1.3495555555555556,1.368222222222222,1.363222222222222,0.5020223333333333,0.0,0.3809168888888888,0.8829308888888889,0.0,0.0,0.0,0.0
2023-09-22 12:59:00,1.4176666666666662,1.433111111111111,1.4326666666666663,0.5271075555555557,0.0,0.4019993333333334,0.9291073333333334,0.0,0.0,0.0,0.0
2023-09-22 13:00:00,1.534666666666667,1.547777777777778,1.5473333333333332,0.5677208888888889,0.0,0.4381691111111111,1.0054664444444443,0.0,0.0,0.0,0.0
2023-09-22 13:01:00,1.90934065934066,1.9275824175824177,1.925384615384616,0.6995178021978022,0.0,0.5658292307692308,1.2652793406593408,0.0,0.0,0.0,0.0
2023-09-22 13:02:00,1.5567032967032972,1.5729670329670324,1.5719780219780215,0.5812831868131868,0.0,0.4507093406593406,1.032401098901099,0.0,0.0,0.0,0.0
2023-09-22 13:03:00,2.345888888888889,2.3662222222222224,2.3608888888888884,0.8526864444444445,0.0,0.7107458888888889,1.5627714444444445,0.0,0.0,0.0,0.0
2023-09-22 13:04:00,2.9390109890109897,2.9659340659340665,2.957032967032967,1.0617585714285716,0.0,0.9034945054945054,1.9648636263736268,0.0,0.0,0.0,0.0
2023-09-22 13:05:00,2.767802197802198,2.7867032967032963,2.781868131868132,0.998388901098901,0.0,0.8462904395604395,1.842742527472527,0.0,0.0,0.0,0.0
2023-09-22 13:06:00,1.5933333333333335,1.608777777777778,1.6103333333333334,0.5951104444444444,0.0,0.4617095555555555,1.0568203333333337,0.0,0.0,0.0,0.0
2023-09-22 13:07:00,1.2131111111111108,1.219222222222222,1.222,0.4520076666666666,0.0,0.3314181111111111,0.7834268888888889,0.0,0.0,0.0,0.0
2023-09-22 13:08:00,1.1006666666666665,1.1168888888888893,1.1160000000000003,0.4154366666666667,0.0,0.2986494444444444,0.7140862222222223,0.0,0.0,0.0,0.0
2023-09-22 13:09:00,1.144111111111111,1.1568888888888889,1.1557777777777778,0.4300355555555555,0.0,0.3089086666666666,0.7391380000000001,0.0,0.0,0.0,0.0
2023-09-22 13:10:00,1.2201111111111111,1.240888888888889,1.235111111111111,0.4604722222222222,0.0,0.3358155555555555,0.7966022222222222,0.0,0.0,0.0,0.0
2023-09-22 13:11:00,1.163333333333333,1.178222222222222,1.1745555555555556,0.4372742222222222,0.0,0.3184338888888889,0.755716,0.0,0.0,0.0,0.0
2023-09-22 13:12:00,1.1946666666666663,1.2086666666666668,1.208222222222222,0.4463578888888889,0.0,0.3318602222222223,0.7780815555555555,0.0,0.0,0.0,0.0
2023-09-22 13:13:00,1.2486666666666664,1.2566666666666664,1.2573333333333332,0.4641809999999999,0.0,0.3452553333333333,0.8091874444444442,0.0,0.0,0.0,0.0
2023-09-22 13:14:00,1.4974444444444446,1.5169999999999997,1.5078888888888886,0.5554147777777778,0.0,0.4267304444444443,0.9815191111111108,0.0,0.0,0.0,0.0
2023-09-22 13:15:00,1.504555555555556,1.5152222222222216,1.5144444444444445,0.5606554444444445,0.0,0.4301206666666667,0.991535111111111,0.0,0.0,0.0,0.0
2023-09-22 13:16:00,1.8823333333333327,1.904777777777778,1.8996666666666664,0.688958,0.0,0.5507561111111111,1.2395575555555556,0.0,0.0,0.0,0.0
2023-09-22 13:17:00,3.5755555555555563,3.614777777777777,3.603444444444444,1.2967094444444447,0.0,1.1129515555555556,2.4089727777777776,0.0,0.0,0.0,0.0
2023-09-22 13:18:00,3.746000000000001,3.779222222222223,3.7673333333333328,1.349236,0.0,1.1740951111111109,2.523331555555556,0.0,0.0,0.0,0.0
2023-09-22 13:19:00,3.789438202247192,3.8301123595505615,3.816516853932584,1.37215797752809,0.0,1.1853421348314608,2.557499438202247,0.0,0.0,0.0,0.0
2023-09-22 13:20:00,3.676483516483518,3.714725274725275,3.701648351648352,1.3370131868131867,0.0,1.151395054945055,2.488459120879121,0.0,0.0,0.0,0.0
2023-09-22 13:21:00,3.630109890109891,3.6613186813186815,3.650769230769232,1.3124741758241758,0.0,1.1382186813186812,2.450722087912088,0.0,0.0,0.0,0.0
2023-09-22 13:22:00,3.624545454545456,3.65,3.643295454545455,1.3163829545454546,0.0,1.129875,2.446921818181818,0.0,0.0,0.0,0.0
2023-09-22 13:23:00,3.4461797752808985,3.4819101123595497,3.470898876404495,1.2520083146067416,0.0,1.0846651685393258,2.3368429213483144,0.0,0.0,0.0,0.0
2023-09-22 13:24:00,3.4873626373626365,3.5225274725274733,3.512637362637363,1.2646768131868134,0.0,1.0971302197802195,2.362103186813187,0.0,0.0,0.0,0.0
2023-09-22 13:25:00,3.037472527472528,3.062197802197802,3.057802197802197,1.1158836263736265,0.0,0.934354725274725,2.053048461538461,0.0,0.0,0.0,0.0
2023-09-22 13:26:00,2.529888888888889,2.558444444444444,2.549333333333333,0.929380111111111,0.0,0.7721094444444443,1.7003073333333336,0.0,0.0,0.0,0.0
2023-09-22 13:27:00,1.584222222222222,1.602,1.6008888888888888,0.5941362222222222,0.0,0.4638267777777778,1.0600628888888888,0.0,0.0,0.0,0.0
2023-09-22 13:28:00,1.909230769230769,1.9342857142857144,1.9273626373626376,0.7034086813186814,0.0,0.5636027472527473,1.2614369230769231,0.0,0.0,0.0,0.0
2023-09-22 13:29:00,2.5382417582417585,2.562527472527472,2.5607692307692305,0.9335995604395604,0.0,0.7801648351648353,1.7178147252747251,0.0,0.0,0.0,0.0
2023-09-22 13:30:00,1.427,1.4456666666666664,1.441,0.5357011111111111,0.0,0.4075513333333333,0.942932,0.0,0.0,0.0,0.0
2023-09-22 13:31:00,1.6784444444444444,1.7043333333333333,1.699,0.627513,0.0,0.4895251111111111,1.1168375555555556,0.0,0.0,0.0,0.0
2023-09-22 13:32:00,2.445333333333333,2.468555555555556,2.462222222222222,0.8940068888888888,0.0,0.7456642222222223,1.636876777777778,0.0,0.0,0.0,0.0
2023-09-22 13:33:00,2.3137777777777777,2.341222222222222,2.342555555555556,0.8556183333333334,0.0,0.703466,1.5654566666666665,0.0,0.0,0.0,0.0
2023-09-22 13:34:00,2.019333333333333,2.0477777777777777,2.0292222222222227,0.7439533333333335,0.0,0.5998286666666667,1.3364102222222225,0.0,0.0,0.0,0.0
2023-09-22 13:35:00,2.725888888888889,2.755444444444444,2.7556666666666665,0.9997756666666668,0.0,0.8445207777777777,1.8520876666666664,0.0,0.0,0.0,0.0
2023-09-22 13:36:00,1.1488888888888886,1.1635555555555557,1.1649999999999998,0.4352284444444445,0.0,0.3134738888888888,0.7506615555555556,0.0,0.0,0.0,0.0
2023-09-22 13:37:00,1.2991111111111109,1.3166666666666664,1.303777777777778,0.4819304444444444,0.0,0.3567468888888889,0.8326163333333334,0.0,0.0,0.0,0.0
2023-09-22 13:38:00,2.395222222222223,2.4177777777777774,2.401333333333333,0.8744902222222223,0.0,0.7252056666666667,1.6057077777777782,0.0,0.0,0.0,0.0
2023-09-22 13:39:00,1.6014444444444444,1.6145555555555555,1.6248888888888886,0.594534888888889,0.0,0.4649534444444444,1.0674063333333337,0.0,0.0,0.0,0.0
2023-09-22 13:40:00,0.8747191011235954,0.8913483146067416,0.8923595505617976,0.3349762921348314,0.0,0.2154596629213483,0.5506259550561798,0.0,0.0,0.0,0.0
2023-09-22 13:41:00,0.9084444444444444,0.9097777777777776,0.9165555555555556,0.3424242222222222,0.0,0.2257189999999999,0.5677034444444444,0.0,0.0,0.0,0.0
2023-09-22 13:42:00,0.8448888888888889,0.8467777777777779,0.8502222222222223,0.3182538888888889,0.0,0.2071757777777778,0.5255120000000001,0.0,0.0,0.0,0.0
2023-09-22 13:43:00,0.8247777777777776,0.8257777777777777,0.8324444444444444,0.3099797777777777,0.0,0.2024763333333332,0.5124123333333332,0.0,0.0,0.0,0.0
2023-09-22 13:44:00,0.817888888888889,0.8182222222222224,0.8212222222222222,0.3074034444444444,0.0,0.1988476666666666,0.5062811111111111,0.0,0.0,0.0,0.0
2023-09-22 13:45:00,0.799777777777778,0.802888888888889,0.8074444444444446,0.3024257777777777,0.0,0.1917207777777778,0.4942474444444444,0.0,0.0,0.0,0.0
2023-09-22 13:46:00,0.785888888888889,0.788,0.7920000000000001,0.2958655555555556,0.0,0.1862498888888888,0.4821535555555556,0.0,0.0,0.0,0.0
2023-09-22 13:47:00,0.7785555555555558,0.7812222222222224,0.7855555555555558,0.2921221111111111,0.0,0.1849012222222222,0.4768346666666666,0.0,0.0,0.0,0.0
2023-09-22 13:48:00,0.7696666666666668,0.7748888888888886,0.7716666666666665,0.2863305555555555,0.0,0.1774967777777778,0.4649495555555555,0.0,0.0,0.0,0.0
2023-09-22 13:49:00,0.7650000000000001,0.771,0.7709999999999998,0.2857943333333334,0.0,0.1798506666666666,0.46579,0.0,0.0,0.0,0.0
2023-09-22 13:50:00,0.763,0.7675555555555557,0.7704444444444445,0.2867874444444445,0.0,0.1802714444444444,0.4670597777777777,0.0,0.0,0.0,0.0
2023-09-22 13:51:00,0.7921111111111112,0.7942222222222222,0.799333333333333,0.2953351111111111,0.0,0.1878601111111111,0.4830724444444444,0.0,0.0,0.0,0.0
2023-09-22 13:52:00,0.8446153846153847,0.8419780219780221,0.8484615384615383,0.3104436263736264,0.0,0.2078658241758241,0.5180537362637362,0.0,0.0,0.0,0.0
2023-09-22 13:53:00,0.9278021978021976,0.925824175824176,0.9294505494505496,0.3472761538461538,0.0,0.2349723076923076,0.5823182417582418,0.0,0.0,0.0,0.0
2023-09-22 13:54:00,1.1094444444444445,1.1185555555555555,1.1171111111111112,0.4135795555555555,0.0,0.2941104444444444,0.7076728888888889,0.0,0.0,0.0,0.0
2023-09-22 13:55:00,1.2027777777777775,1.2228888888888887,1.221333333333333,0.454863111111111,0.0,0.3288137777777778,0.7836835555555556,0.0,0.0,0.0,0.0
2023-09-22 13:56:00,1.235888888888889,1.2467777777777778,1.2438888888888888,0.4594682222222223,0.0,0.3400058888888888,0.7986376666666666,0.0,0.0,0.0,0.0
2023-09-22 13:57:00,1.3886666666666665,1.4078888888888892,1.4056666666666668,0.5197946666666666,0.0,0.3958932222222222,0.9165546666666664,0.0,0.0,0.0,0.0
2023-09-22 13:58:00,1.0538888888888889,1.0592222222222225,1.0628888888888888,0.3959988888888888,0.0,0.2785472222222222,0.6797420000000001,0.0,0.0,0.0,0.0
2023-09-22 13:59:00,0.9200000000000002,0.9223333333333336,0.9266666666666667,0.3463263333333333,0.0,0.2363881111111111,0.5827497777777778,0.0,0.0,0.0,0.0
2023-09-22 14:00:00,0.9263333333333332,0.93,0.93,0.3486073333333334,0.0,0.2351764444444444,0.5838121111111111,0.0,0.0,0.0,0.0
2023-09-22 14:01:00,0.9256666666666667,0.933888888888889,0.9351111111111112,0.3506013333333333,0.0,0.235201,0.5856657777777776,0.0,0.0,0.0,0.0
2023-09-22 14:02:00,1.0124444444444445,1.02,1.020222222222222,0.3805846666666667,0.0,0.2651292222222222,0.645496,0.0,0.0,0.0,0.0
2023-09-22 14:03:00,1.254,1.2681111111111112,1.2656666666666667,0.4704351111111111,0.0,0.3465184444444444,0.8161519999999999,0.0,0.0,0.0,0.0
2023-09-22 14:04:00,1.227159090909091,1.2468181818181816,1.2439772727272729,0.4635909090909091,0.0,0.3388853409090908,0.8029354545454546,0.0,0.0,0.0,0.0
2023-09-22 14:05:00,1.0363333333333336,1.0442222222222224,1.0436666666666667,0.3915673333333334,0.0,0.273738,0.6657524444444445,0.0,0.0,0.0,0.0
2023-09-22 14:06:00,0.9253846153846154,0.9265934065934064,0.931868131868132,0.3514381318681319,0.0,0.2342315384615385,0.5855353846153847,0.0,0.0,0.0,0.0
2023-09-22 14:07:00,0.8418888888888888,0.8446666666666665,0.85,0.3210707777777778,0.0,0.2067762222222222,0.5280243333333333,0.0,0.0,0.0,0.0
2023-09-22 14:08:00,0.8232222222222223,0.8214444444444445,0.8274444444444445,0.3094361111111111,0.0,0.2009908888888889,0.5133295555555556,0.0,0.0,0.0,0.0
2023-09-22 14:09:00,0.8014942528735629,0.8101149425287355,0.8083908045977012,0.3061602298850574,0.0,0.1931829885057471,0.499323908045977,0.0,0.0,0.0,0.0
2023-09-22 14:10:00,0.8153333333333335,0.8169999999999998,0.8185555555555557,0.3053915555555556,0.0,0.1957662222222222,0.5011254444444444,0.0,0.0,0.0,0.0
2023-09-22 14:11:00,1.5376666666666663,1.5468888888888883,1.5458888888888889,0.568713,0.0,0.4411657777777779,1.008740777777778,0.0,0.0,0.0,0.0
2023-09-22 14:12:00,1.1882222222222223,1.1913333333333331,1.1965555555555556,0.4447448888888888,0.0,0.3243937777777778,0.7693077777777777,0.0,0.0,0.0,0.0
2023-09-22 14:13:00,1.8025842696629213,1.8244943820224715,1.818988764044944,0.6698820224719101,0.0,0.5281120224719101,1.1979083146067415,0.0,0.0,0.0,0.0
2023-09-22 14:14:00,1.9775555555555555,2.000888888888889,1.9952222222222225,0.7305345555555554,0.0,0.5922674444444443,1.3220016666666667,0.0,0.0,0.0,0.0
2023-09-22 14:15:00,1.6098888888888887,1.6257777777777778,1.6244444444444444,0.6027884444444445,0.0,0.4664916666666665,1.070226111111111,0.0,0.0,0.0,0.0
2023-09-22 14:16:00,2.155824175824176,2.1751648351648347,2.1629670329670327,0.7899127472527472,0.0,0.6448348351648351,1.4297005494505497,0.0,0.0,0.0,0.0
2023-09-22 14:17:00,2.87076923076923,2.8969230769230765,2.8880219780219787,1.0477046153846157,0.0,0.8871807692307693,1.93595087912088,0.0,0.0,0.0,0.0
2023-09-22 14:18:00,2.5274444444444444,2.5524444444444443,2.549111111111111,0.9298196666666668,0.0,0.7717373333333334,1.7016832222222222,0.0,0.0,0.0,0.0
2023-09-22 14:19:00,1.4634444444444448,1.4824444444444442,1.4953333333333334,0.5515615555555555,0.0,0.4190045555555556,0.9668794444444444,0.0,0.0,0.0,0.0
2023-09-22 14:20:00,2.39934065934066,2.421758241758242,2.406263736263736,0.8716506593406593,0.0,0.730595934065934,1.595188021978022,0.0,0.0,0.0,0.0
2023-09-22 14:21:00,2.867802197802197,2.892417582417582,2.885714285714286,1.0448791208791208,0.0,0.8864325274725275,1.9314010989010983,0.0,0.0,0.0,0.0
2023-09-22 14:22:00,2.8594505494505507,2.897032967032968,2.885054945054944,1.050838791208791,0.0,0.8820809890109891,1.933186043956044,0.0,0.0,0.0,0.0
2023-09-22 14:23:00,2.8031034482758623,2.835747126436781,2.825977011494254,1.029209425287356,0.0,0.8644018390804596,1.8936719540229887,0.0,0.0,0.0,0.0
2023-09-22 14:24:00,2.786923076923077,2.8147252747252747,2.804505494505494,1.0178748351648352,0.0,0.8603840659340661,1.8783767032967031,0.0,0.0,0.0,0.0
2023-09-22 14:25:00,2.699010989010989,2.7323076923076925,2.7224175824175827,0.98814,0.0,0.8346414285714288,1.823102637362637,0.0,0.0,0.0,0.0
2023-09-22 14:26:00,2.597777777777777,2.616555555555556,2.616,0.9522472222222222,0.0,0.7992474444444443,1.7514968888888889,0.0,0.0,0.0,0.0
2023-09-22 14:27:00,2.4810000000000003,2.508222222222222,2.501333333333333,0.9169885555555556,0.0,0.7521151111111113,1.669102777777778,0.0,0.0,0.0,0.0
2023-09-22 14:28:00,2.209,2.231888888888889,2.230333333333333,0.8190295555555557,0.0,0.6664601111111111,1.4866178888888884,0.0,0.0,0.0,0.0
2023-09-22 14:29:00,1.956777777777778,1.9777777777777767,1.9685555555555552,0.7239144444444443,0.0,0.5810266666666667,1.3115176666666668,0.0,0.0,0.0,0.0
2023-09-22 14:30:00,2.108777777777778,2.132,2.122777777777778,0.775065111111111,0.0,0.6314826666666666,1.405261111111111,0.0,0.0,0.0,0.0
2023-09-22 14:31:00,1.554,1.5691111111111111,1.5744444444444443,0.5856573333333333,0.0,0.4514718888888888,1.037867111111111,0.0,0.0,0.0,0.0
2023-09-22 14:32:00,1.055777777777778,1.0632222222222223,1.0645555555555557,0.4018801111111111,0.0,0.2814557777777778,0.683936,0.0,0.0,0.0,0.0
2023-09-22 14:33:00,0.9515384615384614,0.9508791208791212,0.9543956043956044,0.3582105494505494,0.0,0.2400947252747252,0.5982912087912089,0.0,0.0,0.0,0.0
2023-09-22 14:34:00,2.148461538461539,2.177692307692308,2.1683516483516487,0.7939965934065937,0.0,0.6419290109890109,1.4359269230769232,0.0,0.0,0.0,0.0
2023-09-22 14:35:00,2.247362637362637,2.2703296703296707,2.2642857142857142,0.8288196703296705,0.0,0.681183956043956,1.5095782417582422,0.0,0.0,0.0,0.0
2023-09-22 14:36:00,1.2507692307692309,1.267252747252747,1.2737362637362637,0.4738874725274725,0.0,0.3470207692307693,0.8247485714285715,0.0,0.0,0.0,0.0
2023-09-22 14:37:00,0.7313333333333331,0.7317777777777776,0.7385555555555555,0.2752188888888889,0.0,0.1706514444444444,0.4458638888888888,0.0,0.0,0.0,0.0
2023-09-22 14:38:00,0.7106666666666668,0.7144444444444442,0.7182222222222221,0.2679046666666667,0.0,0.1629344444444444,0.4308825555555556,0.0,0.0,0.0,0.0
2023-09-22 14:39:00,0.7304444444444443,0.731111111111111,0.7326666666666667,0.2719008888888889,0.0,0.1666177777777777,0.4385179999999999,0.0,0.0,0.0,0.0
2023-09-22 14:40:00,0.7603333333333333,0.7654444444444443,0.7692222222222221,0.2849102222222222,0.0,0.1789774444444444,0.4637817777777778,0.0,0.0,0.0,0.0
2023-09-22 14:41:00,0.7765555555555554,0.7786666666666668,0.7805555555555557,0.2924471111111111,0.0,0.1876596666666666,0.4799016666666666,0.0,0.0,0.0,0.0
2023-09-22 14:42:00,0.7793333333333335,0.7820000000000003,0.7865555555555558,0.2942342222222222,0.0,0.1872056666666667,0.4817867777777777,0.0,0.0,0.0,0.0
2023-09-22 14:43:00,0.7926666666666667,0.7973333333333332,0.7987777777777776,0.2982236666666666,0.0,0.188875111111111,0.4870122222222221,0.0,0.0,0.0,0.0
2023-09-22 14:44:00,0.7928888888888891,0.7948888888888891,0.7978888888888891,0.2987255555555556,0.0,0.188167,0.4868655555555555,0.0,0.0,0.0,0.0
2023-09-22 14:45:00,0.780344827586207,0.7805747126436785,0.7891954022988509,0.2944912643678161,0.0,0.1834105747126437,0.4778970114942528,0.0,0.0,0.0,0.0
2023-09-22 14:46:00,0.7893333333333332,0.7857777777777781,0.7915555555555555,0.2953017777777778,0.0,0.1852332222222222,0.480152,0.0,0.0,0.0,0.0
2023-09-22 14:47:00,0.8143333333333334,0.8076666666666666,0.8143333333333332,0.3021605555555555,0.0,0.1934457777777777,0.4956064444444444,0.0,0.0,0.0,0.0
2023-09-22 14:48:00,0.8471590909090907,0.8501136363636362,0.8519318181818182,0.3197075,0.0,0.2071205681818182,0.5270820454545455,0.0,0.0,0.0,0.0
2023-09-22 14:49:00,0.9058241758241756,0.8981318681318681,0.9071428571428568,0.3360575824175824,0.0,0.2255480219780219,0.5593564835164835,0.0,0.0,0.0,0.0
2023-09-22 14:50:00,0.9637362637362638,0.9705494505494506,0.972967032967033,0.3617637362637362,0.0,0.2502652747252747,0.6117728571428571,0.0,0.0,0.0,0.0
2023-09-22 14:51:00,1.0293333333333332,1.033,1.032888888888889,0.3839541111111111,0.0,0.2655825555555555,0.6493664444444445,0.0,0.0,0.0,0.0
2023-09-22 14:52:00,1.037777777777778,1.0432222222222225,1.0464444444444445,0.3904491111111111,0.0,0.2735823333333333,0.6642653333333334,0.0,0.0,0.0,0.0
2023-09-22 14:53:00,1.0338888888888889,1.0375555555555556,1.0396666666666663,0.3884462222222222,0.0,0.2687906666666666,0.6571648888888889,0.0,0.0,0.0,0.0
2023-09-22 14:54:00,1.0153333333333332,1.0246666666666666,1.0236666666666667,0.3830241111111112,0.0,0.2642074444444444,0.6472323333333333,0.0,0.0,0.0,0.0
2023-09-22 14:55:00,0.982777777777778,0.9922222222222224,0.9952222222222225,0.3738161111111111,0.0,0.2541726666666666,0.6279881111111111,0.0,0.0,0.0,0.0
2023-09-22 14:56:00,0.9588888888888888,0.9651111111111108,0.9664444444444444,0.3618973333333333,0.0,0.2435807777777778,0.605474222222222,0.0,0.0,0.0,0.0
2023-09-22 14:57:00,0.9393333333333334,0.9455555555555556,0.9478888888888888,0.3548104444444445,0.0,0.2409055555555556,0.595716,0.0,0.0,0.0,0.0
2023-09-22 14:58:00,0.8987777777777777,0.9106666666666668,0.909777777777778,0.3425201111111111,0.0,0.2254813333333333,0.5680014444444444,0.0,0.0,0.0,0.0
2023-09-22 14:59:00,0.866,0.8689999999999998,0.8716666666666667,0.3261895555555555,0.0,0.2112736666666666,0.537462,0.0,0.0,0.0,0.0
2023-09-22 15:00:00,0.8458888888888888,0.8486666666666666,0.8517777777777774,0.3189448888888889,0.0,0.206574,0.5255657777777778,0.0,0.0,0.0,0.0
2023-09-22 15:01:00,0.8381111111111111,0.8392222222222222,0.8452222222222221,0.3148877777777777,0.0,0.2058897777777777,0.5205401111111111,0.0,0.0,0.0,0.0
2023-09-22 15:02:00,0.823888888888889,0.8273333333333335,0.8346666666666666,0.312083,0.0,0.2009268888888889,0.512607111111111,0.0,0.0,0.0,0.0
2023-09-22 15:03:00,0.796,0.7972222222222224,0.804,0.3003796666666666,0.0,0.1903094444444444,0.4905556666666666,0.0,0.0,0.0,0.0
2023-09-22 15:04:00,0.7320000000000001,0.7315555555555557,0.7396666666666666,0.2826072222222222,0.0,0.168559,0.4515213333333334,0.0,0.0,0.0,0.0
2023-09-22 15:05:00,0.6832967032967031,0.68010989010989,0.6852747252747251,0.256096923076923,0.0,0.1497041758241758,0.4055959340659341,0.0,0.0,0.0,0.0
2023-09-22 15:06:00,0.6441379310344828,0.6434482758620689,0.6479310344827587,0.2411860919540229,0.0,0.1369360919540229,0.3783309195402298,0.0,0.0,0.0,0.0
2023-09-22 15:07:00,0.6089655172413794,0.6086206896551722,0.6160919540229886,0.2294745977011495,0.0,0.1264945977011494,0.3556309195402298,0.0,0.0,0.0,0.0
2023-09-22 15:08:00,0.5947777777777777,0.5977777777777777,0.5988888888888889,0.21907,0.0,0.1192002222222222,0.3380617777777778,0.0,0.0,0.0,0.0
2023-09-22 15:09:00,0.5673563218390806,0.5598850574712642,0.5683908045977011,0.2067742528735631,0.0,0.1083464367816091,0.3152301149425286,0.0,0.0,0.0,0.0
2023-09-22 15:10:00,0.5354444444444445,0.5367777777777779,0.5395555555555557,0.194401,0.0,0.0981405555555555,0.2924777777777778,0.0,0.0,0.0,0.0
2023-09-22 15:11:00,0.5203333333333334,0.5158888888888888,0.5242222222222223,0.1884165555555555,0.0,0.0920437777777778,0.2804608888888888,0.0,0.0,0.0,0.0
2023-09-22 15:12:00,0.5093333333333332,0.5024444444444444,0.5084444444444445,0.181332,0.0,0.0860403333333333,0.2673726666666666,0.0,0.0,0.0,0.0
2023-09-22 15:13:00,0.489888888888889,0.4843333333333334,0.4876666666666667,0.1727925555555555,0.0,0.0797504444444444,0.252662,0.0,0.0,0.0,0.0
2023-09-22 15:14:00,0.4785555555555555,0.470222222222222,0.4748888888888888,0.1663194444444444,0.0,0.0757246666666666,0.2423869999999999,0.0,0.0,0.0,0.0
2023-09-22 15:15:00,0.4644827586206899,0.4567816091954021,0.4620689655172416,0.1615091954022988,0.0,0.0706568965517241,0.2330037931034483,0.0,0.0,0.0,0.0
2023-09-22 15:16:00,0.4507777777777777,0.4385555555555556,0.4535555555555555,0.1577528888888888,0.0,0.0662703333333333,0.2221883333333333,0.0,0.0,0.0,0.0
2023-09-22 15:17:00,0.4543333333333333,0.4510000000000001,0.4543333333333334,0.1563189999999999,0.0,0.066924,0.2235644444444444,0.0,0.0,0.0,0.0
2023-09-22 15:18:00,0.4544444444444445,0.4493333333333335,0.453888888888889,0.1568465555555555,0.0,0.0664346666666666,0.2239068888888888,0.0,0.0,0.0,0.0
2023-09-22 15:19:00,0.4568888888888889,0.4512222222222223,0.4561111111111111,0.1578367777777778,0.0,0.0673525555555555,0.2250588888888888,0.0,0.0,0.0,0.0
2023-09-22 15:20:00,0.4514606741573034,0.4484269662921348,0.4564044943820225,0.1563358426966292,0.0,0.0669161797752809,0.2228685393258426,0.0,0.0,0.0,0.0
2023-09-22 15:21:00,0.4526666666666668,0.4476666666666667,0.4532222222222223,0.1559535555555555,0.0,0.0671542222222222,0.2227391111111111,0.0,0.0,0.0,0.0
2023-09-22 15:22:00,0.4560439560439561,0.4516483516483518,0.4527472527472528,0.1548747252747252,0.0,0.0684376923076923,0.2235364835164835,0.0,0.0,0.0,0.0
2023-09-22 15:23:00,0.4631111111111112,0.4615555555555555,0.4642222222222222,0.1619755555555555,0.0,0.0695483333333333,0.2319568888888888,0.0,0.0,0.0,0.0
2023-09-22 15:24:00,0.4818888888888887,0.4758888888888888,0.4798888888888888,0.1675325555555555,0.0,0.0768701111111111,0.2445836666666667,0.0,0.0,0.0,0.0
2023-09-22 15:25:00,0.4974725274725275,0.4931868131868132,0.4980219780219779,0.1772050549450549,0.0,0.0826503296703296,0.2597562637362637,0.0,0.0,0.0,0.0
2023-09-22 15:26:00,0.5157777777777778,0.5108888888888888,0.5164444444444445,0.182142,0.0,0.0896339999999999,0.2715362222222222,0.0,0.0,0.0,0.0
2023-09-22 15:27:00,0.5322222222222223,0.5337777777777778,0.535,0.1925321111111111,0.0,0.0960514444444444,0.2883674444444444,0.0,0.0,0.0,0.0
2023-09-22 15:28:00,0.5552222222222223,0.5508888888888888,0.5499999999999999,0.1974771111111111,0.0,0.1041252222222222,0.3013722222222222,0.0,0.0,0.0,0.0
2023-09-22 15:29:00,0.5626666666666666,0.5615555555555555,0.5637777777777779,0.2054105555555555,0.0,0.1073837777777777,0.3130852222222222,0.0,0.0,0.0,0.0
2023-09-22 15:30:00,0.5884444444444443,0.587111111111111,0.589,0.212261,0.0,0.1157164444444444,0.3282168888888889,0.0,0.0,0.0,0.0
2023-09-22 15:31:00,0.61,0.6042222222222222,0.6064444444444445,0.2212602222222222,0.0,0.1234028888888888,0.3446534444444444,0.0,0.0,0.0,0.0
2023-09-22 15:32:00,0.6317777777777779,0.6278888888888889,0.6284444444444445,0.231094111111111,0.0,0.1302623333333333,0.3621073333333333,0.0,0.0,0.0,0.0
2023-09-22 15:33:00,0.6277011494252875,0.6294252873563219,0.6333333333333335,0.2340296551724138,0.0,0.1315229885057471,0.3658675862068965,0.0,0.0,0.0,0.0
2023-09-22 15:34:00,0.6487912087912087,0.6489010989010989,0.6503296703296704,0.2398470329670329,0.0,0.1390503296703296,0.378457912087912,0.0,0.0,0.0,0.0
2023-09-22 15:35:00,0.6781318681318681,0.6792307692307691,0.6798901098901099,0.2508503296703296,0.0,0.1503531868131867,0.4011943956043955,0.0,0.0,0.0,0.0
2023-09-22 15:36:00,1.0109890109890112,1.0156043956043956,1.0126373626373626,0.376924945054945,0.0,0.2629504395604396,0.6380754945054945,0.0,0.0,0.0,0.0
2023-09-22 15:37:00,1.3041111111111108,1.3196666666666668,1.315,0.4874094444444444,0.0,0.3644906666666666,0.851210888888889,0.0,0.0,0.0,0.0
2023-09-22 15:38:00,1.5852222222222223,1.598111111111111,1.5949999999999998,0.5918822222222221,0.0,0.4557023333333333,1.0472733333333333,0.0,0.0,0.0,0.0
2023-09-22 15:39:00,1.640888888888889,1.664333333333333,1.6596666666666664,0.6107862222222222,0.0,0.4857627777777778,1.0963375555555552,0.0,0.0,0.0,0.0
2023-09-22 15:40:00,1.6269230769230774,1.6486813186813185,1.6395604395604395,0.6070867032967032,0.0,0.4668124175824175,1.0770353846153844,0.0,0.0,0.0,0.0
2023-09-22 15:41:00,1.569555555555556,1.5981111111111113,1.5884444444444443,0.589738,0.0,0.4556263333333333,1.045804777777778,0.0,0.0,0.0,0.0
2023-09-22 15:42:00,1.5863333333333332,1.6043333333333334,1.598777777777778,0.5904058888888889,0.0,0.4613136666666667,1.051499111111111,0.0,0.0,0.0,0.0
2023-09-22 15:43:00,1.550111111111111,1.5671111111111111,1.5623333333333331,0.5785486666666667,0.0,0.4495672222222222,1.0283626666666663,0.0,0.0,0.0,0.0
2023-09-22 15:44:00,1.4113333333333336,1.433,1.4285555555555556,0.5367692222222223,0.0,0.4021326666666666,0.9390208888888888,0.0,0.0,0.0,0.0
2023-09-22 15:45:00,1.2602222222222224,1.2815555555555551,1.2746666666666664,0.4760407777777778,0.0,0.3542532222222222,0.8304515555555555,0.0,0.0,0.0,0.0
2023-09-22 15:46:00,1.2756666666666665,1.2847777777777778,1.2827777777777776,0.4775165555555555,0.0,0.3534634444444444,0.8309484444444444,0.0,0.0,0.0,0.0
2023-09-22 15:47:00,1.3097777777777782,1.317777777777778,1.3162222222222224,0.4906266666666666,0.0,0.3622323333333333,0.8527883333333334,0.0,0.0,0.0,0.0
2023-09-22 15:48:00,1.3347777777777776,1.3495555555555554,1.3453333333333333,0.4991947777777777,0.0,0.3760727777777778,0.8752367777777778,0.0,0.0,0.0,0.0
2023-09-22 15:49:00,1.368444444444445,1.3799999999999994,1.3799999999999994,0.5130005555555556,0.0,0.3866451111111111,0.8996395555555554,0.0,0.0,0.0,0.0
2023-09-22 15:50:00,1.3195555555555554,1.3332222222222223,1.3285555555555555,0.4984564444444445,0.0,0.3671983333333333,0.8669111111111112,0.0,0.0,0.0,0.0
2023-09-22 15:51:00,1.208111111111111,1.2304444444444445,1.2235555555555555,0.4574267777777778,0.0,0.3375284444444444,0.7951124444444444,0.0,0.0,0.0,0.0
2023-09-22 15:52:00,1.1516666666666664,1.1644444444444442,1.1646666666666663,0.4380876666666666,0.0,0.3156922222222222,0.7544700000000001,0.0,0.0,0.0,0.0
2023-09-22 15:53:00,1.0045555555555554,1.0082222222222224,1.011888888888889,0.3835248888888889,0.0,0.2606467777777778,0.6441785555555556,0.0,0.0,0.0,0.0
2023-09-22 15:54:00,0.7758888888888887,0.7832222222222224,0.7843333333333333,0.2938487777777778,0.0,0.1832367777777778,0.4773144444444445,0.0,0.0,0.0,0.0
2023-09-22 15:55:00,0.656,0.6643333333333332,0.6645555555555555,0.2470474444444444,0.0,0.142281,0.3895606666666665,0.0,0.0,0.0,0.0
2023-09-22 15:56:00,0.6013333333333333,0.5976666666666666,0.6007777777777777,0.2209967777777778,0.0,0.1208248888888889,0.3417123333333333,0.0,0.0,0.0,0.0
2023-09-22 15:57:00,0.5818888888888889,0.5852222222222222,0.5873333333333333,0.2119545555555555,0.0,0.113013111111111,0.3249394444444444,0.0,0.0,0.0,0.0
2023-09-22 15:58:00,0.564725274725275,0.5646153846153849,0.569120879120879,0.2028243956043956,0.0,0.1083354945054945,0.3109843956043956,0.0,0.0,0.0,0.0
2023-09-22 15:59:00,0.5692045454545455,0.5659090909090909,0.5684090909090909,0.2045964772727272,0.0,0.1081325,0.3123293181818182,0.0,0.0,0.0,0.0
2023-09-22 16:00:00,0.5527777777777778,0.5535555555555555,0.5536666666666666,0.19887,0.0,0.1041328888888889,0.3043387777777777,0.0,0.0,0.0,0.0
2023-09-22 16:01:00,0.543,0.5411111111111111,0.546,0.1951935555555555,0.0,0.0984331111111111,0.2935202222222222,0.0,0.0,0.0,0.0
2023-09-22 16:02:00,0.5228888888888888,0.523888888888889,0.5266666666666667,0.188147,0.0,0.0939865555555555,0.2821898888888888,0.0,0.0,0.0,0.0
2023-09-22 16:03:00,0.5057777777777778,0.5005555555555555,0.5061111111111111,0.178193,0.0,0.0851653333333333,0.2632107777777777,0.0,0.0,0.0,0.0
2023-09-22 16:04:00,0.479186046511628,0.470232558139535,0.4768604651162791,0.1678944186046511,0.0,0.0760709302325581,0.2442693023255814,0.0,0.0,0.0,0.0
2023-09-22 16:05:00,0.4532183908045978,0.4509195402298853,0.4548275862068968,0.1560120689655172,0.0,0.0679933333333333,0.2235409195402299,0.0,0.0,0.0,0.0
2023-09-22 16:06:00,0.4438888888888889,0.4346666666666666,0.4424444444444445,0.1508762222222222,0.0,0.0611012222222222,0.2119395555555555,0.0,0.0,0.0,0.0
2023-09-22 16:07:00,0.4306666666666667,0.4218888888888888,0.4243333333333334,0.1404652222222222,0.0,0.0558872222222222,0.1962822222222222,0.0,0.0,0.0,0.0
2023-09-22 16:08:00,0.4263333333333333,0.4140000000000001,0.4198888888888888,0.1377922222222222,0.0,0.0534008888888888,0.1911524444444444,0.0,0.0,0.0,0.0
2023-09-22 16:09:00,0.4442857142857143,0.4386813186813185,0.4419780219780219,0.1467607692307692,0.0,0.0608546153846153,0.2076701098901099,0.0,0.0,0.0,0.0
2023-09-22 16:10:00,0.4711494252873564,0.4678160919540228,0.4703448275862066,0.1608465517241379,0.0,0.0727914942528735,0.2332794252873562,0.0,0.0,0.0,0.0
2023-09-22 16:11:00,0.4898888888888889,0.4805555555555555,0.4855555555555556,0.1685506666666666,0.0,0.0774046666666666,0.246073,0.0,0.0,0.0,0.0
2023-09-22 16:12:00,0.4886666666666667,0.4757777777777777,0.4821111111111111,0.1683147777777777,0.0,0.0779127777777777,0.2459535555555556,0.0,0.0,0.0,0.0
2023-09-22 16:13:00,0.4848888888888888,0.4785555555555554,0.482888888888889,0.1668557777777778,0.0,0.0777751111111111,0.2444156666666667,0.0,0.0,0.0,0.0
2023-09-22 16:14:00,0.5007777777777777,0.4883333333333333,0.4955555555555556,0.1722727777777777,0.0,0.0811294444444444,0.2536044444444444,0.0,0.0,0.0,0.0
2023-09-22 16:15:00,0.5075555555555555,0.5021111111111111,0.5065555555555556,0.1774747777777778,0.0,0.0849099999999999,0.262679,0.0,0.0,0.0,0.0
2023-09-22 16:16:00,0.517816091954023,0.5042528735632182,0.5103448275862069,0.1792583908045976,0.0,0.0871218390804597,0.2662732183908046,0.0,0.0,0.0,0.0
2023-09-22 16:17:00,0.5132222222222222,0.5056666666666666,0.51,0.1773673333333333,0.0,0.0855915555555555,0.2629588888888889,0.0,0.0,0.0,0.0
2023-09-22 16:18:00,0.5060000000000001,0.4953333333333333,0.5021111111111113,0.1728064444444444,0.0,0.0804683333333333,0.2533202222222222,0.0,0.0,0.0,0.0
2023-09-22 16:19:00,0.484,0.4728888888888887,0.4795555555555555,0.1641842222222222,0.0,0.0737512222222222,0.2375241111111111,0.0,0.0,0.0,0.0
2023-09-22 16:20:00,0.4637362637362636,0.4480219780219781,0.4583516483516484,0.1538564835164834,0.0,0.0654981318681318,0.2192892307692308,0.0,0.0,0.0,0.0
2023-09-22 16:21:00,0.4517582417582417,0.431868131868132,0.4439560439560439,0.1486112087912088,0.0,0.0603491208791208,0.2080614285714285,0.0,0.0,0.0,0.0
2023-09-22 16:22:00,0.4629545454545454,0.4413636363636363,0.4520454545454546,0.1489279545454545,0.0,0.0624257954545454,0.2114578409090908,0.0,0.0,0.0,0.0
2023-09-22 16:23:00,0.4626666666666666,0.4387777777777778,0.4495555555555556,0.1491102222222222,0.0,0.062552,0.2115633333333333,0.0,0.0,0.0,0.0
2023-09-22 16:24:00,0.4702222222222221,0.4413333333333333,0.4586666666666666,0.1538798888888889,0.0,0.0646531111111111,0.2182356666666667,0.0,0.0,0.0,0.0
2023-09-22 16:25:00,0.4763333333333332,0.4513333333333333,0.4606666666666666,0.1522317777777777,0.0,0.0658041111111111,0.2181417777777778,0.0,0.0,0.0,0.0
2023-09-22 16:26:00,0.4672222222222222,0.4384444444444444,0.4530000000000001,0.150916,0.0,0.0641182222222222,0.2155384444444444,0.0,0.0,0.0,0.0
2023-09-22 16:27:00,0.4613333333333334,0.4422222222222223,0.4507777777777778,0.1503606666666666,0.0,0.0617844444444444,0.2131053333333333,0.0,0.0,0.0,0.0
2023-09-22 16:28:00,0.4496666666666666,0.432888888888889,0.4414444444444444,0.1473938888888888,0.0,0.0610318888888889,0.2087517777777778,0.0,0.0,0.0,0.0
2023-09-22 16:29:00,0.444,0.4244444444444444,0.436,0.1445893333333333,0.0,0.0587135555555555,0.2038853333333333,0.0,0.0,0.0,0.0
2023-09-22 16:30:00,0.4481111111111112,0.4362222222222221,0.4433333333333334,0.1455631111111111,0.0,0.0602531111111111,0.2056619999999999,0.0,0.0,0.0,0.0
2023-09-22 16:31:00,0.4367777777777778,0.4173333333333333,0.4274444444444444,0.1432096666666666,0.0,0.0559847777777777,0.1991964444444444,0.0,0.0,0.0,0.0
2023-09-22 16:32:00,0.4345555555555555,0.4126666666666667,0.4232222222222221,0.1367604444444444,0.0,0.0521369999999999,0.1887597777777777,0.0,0.0,0.0,0.0
2023-09-22 16:33:00,0.4277777777777777,0.4018888888888889,0.4132222222222222,0.1304804444444444,0.0,0.0464627777777777,0.1767675555555555,0.0,0.0,0.0,0.0
2023-09-22 16:34:00,0.4082222222222221,0.3847777777777778,0.3948888888888889,0.1253964444444444,0.0,0.0425055555555555,0.1677242222222222,0.0,0.0,0.0,0.0
2023-09-22 16:35:00,0.4007777777777778,0.381888888888889,0.3906666666666667,0.1227675555555555,0.0,0.0401392222222222,0.1629773333333333,0.0,0.0,0.0,0.0
2023-09-22 16:36:00,0.4074444444444444,0.3852222222222222,0.3933333333333333,0.1237436666666666,0.0,0.0411647777777777,0.1649814444444444,0.0,0.0,0.0,0.0
2023-09-22 16:37:00,0.4091111111111111,0.3881111111111111,0.3957777777777777,0.1267624444444444,0.0,0.0441151111111111,0.1706284444444444,0.0,0.0,0.0,0.0
2023-09-22 16:38:00,0.4196703296703298,0.3979120879120879,0.4079120879120879,0.129899010989011,0.0,0.0471648351648351,0.1774016483516483,0.0,0.0,0.0,0.0
2023-09-22 16:39:00,0.4270329670329669,0.4097802197802196,0.4168131868131869,0.1351920879120879,0.0,0.0497481318681318,0.1848191208791209,0.0,0.0,0.0,0.0
2023-09-22 16:40:00,0.4294505494505496,0.4132967032967033,0.4217582417582419,0.1363353846153846,0.0,0.0536386813186813,0.1898697802197802,0.0,0.0,0.0,0.0
2023-09-22 16:41:00,0.436888888888889,0.4184444444444444,0.4266666666666666,0.1402743333333333,0.0,0.0538398888888888,0.1939802222222222,0.0,0.0,0.0,0.0
2023-09-22 16:42:00,0.4385393258426967,0.4195505617977527,0.4298876404494381,0.1432312359550561,0.0,0.0576678651685393,0.2009369662921348,0.0,0.0,0.0,0.0
2023-09-22 16:43:00,0.4473333333333334,0.430111111111111,0.4414444444444446,0.145012,0.0,0.0595344444444444,0.2043549999999999,0.0,0.0,0.0,0.0
2023-09-22 16:44:00,0.45,0.4393333333333334,0.4462222222222223,0.1487202222222222,0.0,0.0629858888888888,0.2118432222222222,0.0,0.0,0.0,0.0
2023-09-22 16:45:00,0.4553333333333333,0.4393333333333334,0.4501111111111112,0.1509846666666666,0.0,0.0632294444444444,0.2139054444444444,0.0,0.0,0.0,0.0
2023-09-22 16:46:00,0.461627906976744,0.4511627906976746,0.4580232558139535,0.1540713953488372,0.0,0.0666443023255814,0.2207015116279069,0.0,0.0,0.0,0.0
2023-09-22 16:47:00,0.4782222222222221,0.4617777777777777,0.4711111111111111,0.1599745555555555,0.0,0.0703117777777777,0.230122,0.0,0.0,0.0,0.0
2023-09-22 16:48:00,0.482888888888889,0.4754444444444444,0.4805555555555555,0.1648543333333333,0.0,0.0733828888888888,0.2379483333333333,0.0,0.0,0.0,0.0
2023-09-22 16:49:00,0.4831460674157303,0.4767415730337078,0.4833707865168539,0.1679804494382022,0.0,0.075711011235955,0.2436711235955056,0.0,0.0,0.0,0.0
2023-09-22 16:50:00,0.4894444444444445,0.480222222222222,0.4874444444444445,0.169383,0.0,0.0781873333333333,0.2474936666666667,0.0,0.0,0.0,0.0
2023-09-22 16:51:00,0.4905555555555555,0.4807777777777777,0.485,0.1674925555555555,0.0,0.0752472222222222,0.2424522222222222,0.0,0.0,0.0,0.0
2023-09-22 16:52:00,0.4866666666666666,0.468111111111111,0.4797777777777777,0.1647482222222222,0.0,0.0740055555555555,0.2393925555555555,0.0,0.0,0.0,0.0
2023-09-22 16:53:00,0.4783516483516483,0.4657142857142857,0.4747252747252747,0.1613209890109889,0.0,0.0706560439560439,0.2322627472527473,0.0,0.0,0.0,0.0
2023-09-22 16:54:00,0.4648351648351648,0.452857142857143,0.4612087912087911,0.1600493406593406,0.0,0.0688410989010989,0.2290916483516483,0.0,0.0,0.0,0.0
2023-09-22 16:55:00,0.4613333333333334,0.4486666666666667,0.4567777777777778,0.1547646666666666,0.0,0.0662866666666666,0.22114,0.0,0.0,0.0,0.0
2023-09-22 16:56:00,0.4529999999999999,0.4386666666666667,0.447111111111111,0.1509725555555555,0.0,0.0635032222222222,0.2148446666666666,0.0,0.0,0.0,0.0
2023-09-22 16:57:00,0.4510000000000001,0.4325555555555556,0.4438888888888888,0.1504875555555555,0.0,0.0622237777777777,0.2124556666666666,0.0,0.0,0.0,0.0
2023-09-22 16:58:00,0.4473333333333334,0.4372222222222222,0.4437777777777778,0.1507593333333333,0.0,0.0614438888888888,0.2124017777777777,0.0,0.0,0.0,0.0
2023-09-22 16:59:00,0.4462222222222222,0.4301111111111112,0.4394444444444444,0.1482573333333333,0.0,0.0607401111111111,0.2089356666666666,0.0,0.0,0.0,0.0
2023-09-22 17:00:00,0.4408888888888889,0.4275555555555555,0.437,0.147388,0.0,0.0597204444444444,0.2071091111111111,0.0,0.0,0.0,0.0
2023-09-22 17:01:00,0.4411627906976745,0.4241860465116279,0.4322093023255814,0.1451820930232558,0.0,0.0597443023255814,0.204276976744186,0.0,0.0,0.0,0.0
2023-09-22 17:02:00,0.4415384615384616,0.4216483516483517,0.4347252747252746,0.1463430769230769,0.0,0.0586243956043956,0.2049368131868132,0.0,0.0,0.0,0.0
2023-09-22 17:03:00,0.4406593406593407,0.4235164835164835,0.4328571428571429,0.1460417582417582,0.0,0.0586827472527472,0.2045578021978021,0.0,0.0,0.0,0.0
2023-09-22 17:04:00,0.435934065934066,0.4214285714285714,0.4307692307692308,0.1446127472527472,0.0,0.0578403296703296,0.2023764835164835,0.0,0.0,0.0,0.0
2023-09-22 17:05:00,0.4345555555555555,0.4154444444444444,0.4271111111111111,0.1430976666666666,0.0,0.0572829999999999,0.2008724444444444,0.0,0.0,0.0,0.0
2023-09-22 17:06:00,0.4309999999999999,0.4145555555555555,0.4246666666666666,0.1414028888888888,0.0,0.0560181111111111,0.1970469999999999,0.0,0.0,0.0,0.0
2023-09-22 17:07:00,0.4253333333333333,0.4107777777777778,0.4195555555555556,0.1407131111111111,0.0,0.0534267777777777,0.1947073333333333,0.0,0.0,0.0,0.0
2023-09-22 17:08:00,0.4244444444444444,0.4055555555555555,0.4168888888888889,0.1391586666666666,0.0,0.0525335555555555,0.1914141111111111,0.0,0.0,0.0,0.0
2023-09-22 17:09:00,0.4207777777777779,0.4032222222222222,0.4122222222222222,0.1366598888888889,0.0,0.0507876666666666,0.1869196666666666,0.0,0.0,0.0,0.0
2023-09-22 17:10:00,0.4132222222222224,0.3986666666666666,0.4075555555555554,0.1329185555555555,0.0,0.0489897777777777,0.1821464444444444,0.0,0.0,0.0,0.0
2023-09-22 17:11:00,0.41,0.3917777777777778,0.4013333333333333,0.1301903333333333,0.0,0.0466857777777777,0.1764957777777777,0.0,0.0,0.0,0.0
2023-09-22 17:12:00,0.4077777777777777,0.3914444444444445,0.3994444444444445,0.1265652222222222,0.0,0.0436121111111111,0.1696524444444444,0.0,0.0,0.0,0.0
2023-09-22 17:13:00,0.403,0.3855555555555556,0.3938888888888889,0.1239356666666666,0.0,0.0424287777777777,0.1662252222222222,0.0,0.0,0.0,0.0
2023-09-22 17:14:00,0.3932967032967033,0.3768131868131868,0.3848351648351649,0.1205072527472527,0.0,0.0379983516483516,0.1586335164835164,0.0,0.0,0.0,0.0
2023-09-22 17:15:00,0.3857777777777778,0.3723333333333332,0.3779999999999999,0.1154403333333333,0.0,0.0352088888888888,0.1510101111111111,0.0,0.0,0.0,0.0
2023-09-22 17:16:00,0.3757142857142856,0.3612087912087912,0.368021978021978,0.111706923076923,0.0,0.0325054945054945,0.1444082417582417,0.0,0.0,0.0,0.0
2023-09-22 17:17:00,0.3681318681318681,0.3483516483516483,0.3584615384615385,0.1081323076923077,0.0,0.0280676923076923,0.1357369230769231,0.0,0.0,0.0,0.0
2023-09-22 17:18:00,0.3579120879120878,0.3441758241758241,0.3496703296703297,0.103588901098901,0.0,0.0260905494505494,0.1246927472527472,0.0,0.0,0.0,0.0
2023-09-22 17:19:00,0.3541758241758242,0.3378021978021978,0.3432967032967032,0.0987451648351648,0.0,0.0238857142857142,0.1111353846153846,0.0,0.0,0.0,0.0
2023-09-22 17:20:00,0.3436666666666667,0.3276666666666666,0.3346666666666666,0.0957906666666666,0.0,0.0233808888888888,0.0976625555555555,0.0,0.0,0.0,0.0
2023-09-22 17:21:00,0.3404395604395604,0.3192307692307691,0.3275824175824176,0.0908237362637362,0.0,0.0231027472527472,0.0924204395604395,0.0,0.0,0.0,0.0
2023-09-22 17:22:00,0.3348888888888889,0.3125555555555555,0.3182222222222222,0.0875127777777777,0.0,0.0245508888888888,0.0883443333333333,0.0,0.0,0.0,0.0
2023-09-22 17:23:00,0.3294444444444444,0.3097777777777777,0.3185555555555555,0.0848696666666666,0.0,0.02484,0.0848681111111111,0.0,0.0,0.0,0.0
2023-09-22 17:24:00,0.330919540229885,0.309655172413793,0.3171264367816092,0.0818794252873563,0.0,0.02484,0.0816348275862069,0.0,0.0,0.0,0.0
2023-09-22 17:25:00,0.3226666666666666,0.3042222222222222,0.3133333333333333,0.0791995555555555,0.0,0.02484,0.0797364444444444,0.0,0.0,0.0,0.0
2023-09-22 17:26:00,0.3208888888888889,0.2928888888888888,0.301111111111111,0.0756222222222222,0.0,0.02484,0.076335,0.0,0.0,0.0,0.0
2023-09-22 17:27:00,0.3131111111111111,0.2914444444444445,0.2838888888888888,0.0733882222222222,0.0,0.02484,0.0732935555555555,0.0,0.0,0.0,0.0
2023-09-22 17:28:00,0.315111111111111,0.293,0.2885555555555555,0.0715368888888888,0.0,0.02484,0.0717518888888888,0.0,0.0,0.0,0.0
2023-09-22 17:29:00,0.3162222222222221,0.297,0.2895555555555555,0.0692986666666666,0.0,0.02484,0.0692986666666666,0.0,0.0,0.0,0.0
2023-09-22 17:30:00,0.3125555555555555,0.2894444444444444,0.2885555555555555,0.0694884444444444,0.0,0.02484,0.0694884444444444,0.0,0.0,0.0,0.0
2023-09-22 17:31:00,0.3131111111111111,0.2902222222222222,0.2729999999999999,0.0686707777777777,0.0,0.02484,0.0686707777777777,0.0,0.0,0.0,0.0
2023-09-22 17:32:00,0.3188888888888889,0.2928888888888889,0.2719999999999999,0.0673748888888888,0.0,0.02484,0.0673748888888888,0.0,0.0,0.0,0.0
2023-09-22 17:33:00,0.3108791208791209,0.2947252747252747,0.2834065934065933,0.067098901098901,0.0,0.02484,0.06706,0.0,0.0,0.0,0.0
2023-09-22 17:34:00,0.3124175824175824,0.2861538461538461,0.2739560439560439,0.0672882417582417,0.0,0.02484,0.0673248351648351,0.0,0.0,0.0,0.0
2023-09-22 17:35:00,0.3128888888888888,0.2903333333333333,0.2818888888888888,0.0681594444444444,0.0,0.02484,0.0681606666666666,0.0,0.0,0.0,0.0
2023-09-22 17:36:00,0.3157142857142857,0.2886813186813187,0.2867032967032966,0.0668762637362637,0.0,0.02484,0.0668762637362637,0.0,0.0,0.0,0.0
2023-09-22 17:37:00,0.3104395604395604,0.2798901098901099,0.2805494505494506,0.0688767032967033,0.0,0.02484,0.0688767032967033,0.0,0.0,0.0,0.0
2023-09-22 17:38:00,0.3081318681318681,0.2770329670329671,0.2368131868131867,0.0643602197802197,0.0,0.02484,0.0502981318681318,0.0,0.0,0.0,0.0
2023-09-22 17:39:00,0.3073333333333333,0.2704444444444444,0.2404444444444444,0.0575412222222222,0.0,0.02484,0.0346266666666666,0.0,0.0,0.0,0.0
2023-09-22 17:40:00,0.3068888888888889,0.2668888888888889,0.2221111111111111,0.0510577777777777,0.0,0.02484,0.0272846666666666,0.0,0.0,0.0,0.0
2023-09-22 17:41:00,0.3035555555555554,0.2645555555555556,0.2195555555555555,0.0475866666666666,0.0,0.02484,0.0219071111111111,0.0,0.0,0.0,0.0
2023-09-22 17:42:00,0.2999999999999999,0.2474444444444444,0.1669999999999999,0.04692,0.0,0.02484,0.01822,0.0,0.0,0.0,0.0
2023-09-22 17:43:00,0.3006896551724138,0.2548275862068966,0.1804597701149425,0.04692,0.0,0.02484,0.0182199999999999,0.0,0.0,0.0,0.0
2023-09-22 17:44:00,0.3004444444444444,0.2492222222222222,0.1594444444444444,0.04692,0.0,0.02484,0.01822,0.0,0.0,0.0,0.0
2023-09-22 17:45:00,0.3199999999999999,0.25,0.11,0.04692,0.0,0.02484,0.01822,0.0,0.0,0.0,0.0
2023-09-22 17:46:00,0.3199999999999999,0.25,0.11,0.04692,0.0,0.02484,0.01822,0.0,0.0,0.0,0.0
2023-09-22 17:47:00,0.3199999999999999,0.25,0.11,0.04692,0.0,0.02484,0.01822,0.0,0.0,0.0,0.0
2023-09-22 17:48:00,0.3199999999999999,0.2506666666666666,0.1195555555555555,0.04692,0.0,0.02484,0.01822,0.0,0.0,0.0,0.0
2023-09-22 17:49:00,0.3142222222222222,0.2715555555555555,0.2074444444444444,0.04692,0.0,0.02484,0.01822,0.0,0.0,0.0,0.0
2023-09-22 17:50:00,0.2999999999999999,0.2473333333333333,0.1949999999999999,0.04692,0.0,0.0638533333333333,0.062874,0.0,0.0,0.0,0.0
2023-09-22 17:51:00,0.3039999999999999,0.2623333333333333,0.204,0.04692,0.0,0.0685174444444444,0.0685628888888889,0.0,0.0,0.0,0.0
2023-09-22 17:52:00,0.3028888888888889,0.2723333333333333,0.2215555555555555,0.04692,0.0,0.0670264444444444,0.0670051111111111,0.0,0.0,0.0,0.0
2023-09-22 17:53:00,0.3285555555555555,0.3074444444444444,0.3044444444444444,0.04692,0.0,0.0727178888888888,0.0718713333333333,0.0,0.0,0.0,0.0
2023-09-22 17:54:00,0.3676666666666666,0.3542222222222222,0.3588888888888888,0.04692,0.0,0.0850237777777777,0.070472,0.0,0.0,0.0,0.0
2023-09-22 17:55:00,0.4176666666666666,0.4033333333333333,0.4102222222222221,0.04692,0.0,0.0972838888888888,0.063076,0.0,0.0,0.0,0.0
2023-09-22 17:56:00,0.4330000000000001,0.4286666666666666,0.4314444444444444,0.04692,0.0,0.1025902222222222,0.0606251111111111,0.0,0.0,0.0,0.0
2023-09-22 17:57:00,0.42,0.42,0.43,0.04692,0.0,0.09357,0.0485499999999999,0.0,0.0,0.0,0.0
2023-09-22 17:58:00,0.42,0.42,0.43,0.04692,0.0,0.09357,0.0485499999999999,0.0,0.0,0.0,0.0
2023-09-22 17:59:00,0.42,0.42,0.43,0.04692,0.0,0.09357,0.0485499999999999,0.0,0.0,0.0,0.0
2023-09-22 18:00:00,0.0,0.0,0.0,0.0,0.0,0.0,0.0,0.0,0.0,0.0,0.0
2023-09-22 18:01:00,0.0,0.0,0.0,0.0,0.0,0.0,0.0,0.0,0.0,0.0,0.0
2023-09-22 18:02:00,0.0,0.0,0.0,0.0,0.0,0.0,0.0,0.0,0.0,0.0,0.0
2023-09-22 18:03:00,0.0,0.0,0.0,0.0,0.0,0.0,0.0,0.0,0.0,0.0,0.0
2023-09-22 18:04:00,0.0,0.0,0.0,0.0,0.0,0.0,0.0,0.0,0.0,0.0,0.0
2023-09-22 18:05:00,0.0,0.0,0.0,0.0,0.0,0.0,0.0,0.0,0.0,0.0,0.0
2023-09-22 18:06:00,0.0,0.0,0.0,0.0,0.0,0.0,0.0,0.0,0.0,0.0,0.0
2023-09-22 18:07:00,0.0,0.0,0.0,0.0,0.0,0.0,0.0,0.0,0.0,0.0,0.0
2023-09-22 18:08:00,0.0,0.0,0.0,0.0,0.0,0.0,0.0,0.0,0.0,0.0,0.0
2023-09-22 18:09:00,0.0,0.0,0.0,0.0,0.0,0.0,0.0,0.0,0.0,0.0,0.0
2023-09-22 18:10:00,0.0,0.0,0.0,0.0,0.0,0.0,0.0,0.0,0.0,0.0,0.0
2023-09-22 18:11:00,0.0,0.0,0.0,0.0,0.0,0.0,0.0,0.0,0.0,0.0,0.0
2023-09-22 18:12:00,0.0,0.0,0.0,0.0,0.0,0.0,0.0,0.0,0.0,0.0,0.0
2023-09-22 18:13:00,0.0,0.0,0.0,0.0,0.0,0.0,0.0,0.0,0.0,0.0,0.0
2023-09-22 18:14:00,0.0,0.0,0.0,0.0,0.0,0.0,0.0,0.0,0.0,0.0,0.0
2023-09-22 18:15:00,0.0,0.0,0.0,0.0,0.0,0.0,0.0,0.0,0.0,0.0,0.0
2023-09-22 18:16:00,0.0,0.0,0.0,0.0,0.0,0.0,0.0,0.0,0.0,0.0,0.0
2023-09-22 18:17:00,0.0,0.0,0.0,0.0,0.0,0.0,0.0,0.0,0.0,0.0,0.0
2023-09-22 18:18:00,0.0,0.0,0.0,0.0,0.0,0.0,0.0,0.0,0.0,0.0,0.0
2023-09-22 18:19:00,0.0,0.0,0.0,0.0,0.0,0.0,0.0,0.0,0.0,0.0,0.0
2023-09-22 18:20:00,0.0,0.0,0.0,0.0,0.0,0.0,0.0,0.0,0.0,0.0,0.0
2023-09-22 18:21:00,0.0,0.0,0.0,0.0,0.0,0.0,0.0,0.0,0.0,0.0,0.0
2023-09-22 18:22:00,0.0,0.0,0.0,0.0,0.0,0.0,0.0,0.0,0.0,0.0,0.0
2023-09-22 18:23:00,0.0,0.0,0.0,0.0,0.0,0.0,0.0,0.0,0.0,0.0,0.0
2023-09-22 18:24:00,0.0,0.0,0.0,0.0,0.0,0.0,0.0,0.0,0.0,0.0,0.0
2023-09-22 18:25:00,0.0,0.0,0.0,0.0,0.0,0.0,0.0,0.0,0.0,0.0,0.0
2023-09-22 18:26:00,0.0,0.0,0.0,0.0,0.0,0.0,0.0,0.0,0.0,0.0,0.0
2023-09-22 18:27:00,0.0,0.0,0.0,0.0,0.0,0.0,0.0,0.0,0.0,0.0,0.0
2023-09-22 18:28:00,0.0,0.0,0.0,0.0,0.0,0.0,0.0,0.0,0.0,0.0,0.0
2023-09-22 18:29:00,0.0,0.0,0.0,0.0,0.0,0.0,0.0,0.0,0.0,0.0,0.0
2023-09-22 18:30:00,0.0,0.0,0.0,0.0,0.0,0.0,0.0,0.0,0.0,0.0,0.0
2023-09-22 18:31:00,0.0,0.0,0.0,0.0,0.0,0.0,0.0,0.0,0.0,0.0,0.0
2023-09-22 18:32:00,0.0,0.0,0.0,0.0,0.0,0.0,0.0,0.0,0.0,0.0,0.0
2023-09-22 18:33:00,0.0,0.0,0.0,0.0,0.0,0.0,0.0,0.0,0.0,0.0,0.0
2023-09-22 18:34:00,0.0,0.0,0.0,0.0,0.0,0.0,0.0,0.0,0.0,0.0,0.0
2023-09-22 18:35:00,0.0,0.0,0.0,0.0,0.0,0.0,0.0,0.0,0.0,0.0,0.0
2023-09-22 18:36:00,0.0,0.0,0.0,0.0,0.0,0.0,0.0,0.0,0.0,0.0,0.0
2023-09-22 18:37:00,0.0,0.0,0.0,0.0,0.0,0.0,0.0,0.0,0.0,0.0,0.0
2023-09-22 18:38:00,0.0,0.0,0.0,0.0,0.0,0.0,0.0,0.0,0.0,0.0,0.0
2023-09-22 18:39:00,0.0,0.0,0.0,0.0,0.0,0.0,0.0,0.0,0.0,0.0,0.0
2023-09-22 18:40:00,0.0,0.0,0.0,0.0,0.0,0.0,0.0,0.0,0.0,0.0,0.0
2023-09-22 18:41:00,0.0,0.0,0.0,0.0,0.0,0.0,0.0,0.0,0.0,0.0,0.0
2023-09-22 18:42:00,0.0,0.0,0.0,0.0,0.0,0.0,0.0,0.0,0.0,0.0,0.0
2023-09-22 18:43:00,0.0,0.0,0.0,0.0,0.0,0.0,0.0,0.0,0.0,0.0,0.0
2023-09-22 18:44:00,0.0,0.0,0.0,0.0,0.0,0.0,0.0,0.0,0.0,0.0,0.0
2023-09-22 18:45:00,0.0,0.0,0.0,0.0,0.0,0.0,0.0,0.0,0.0,0.0,0.0
2023-09-22 18:46:00,0.0,0.0,0.0,0.0,0.0,0.0,0.0,0.0,0.0,0.0,0.0
2023-09-22 18:47:00,0.0,0.0,0.0,0.0,0.0,0.0,0.0,0.0,0.0,0.0,0.0
2023-09-22 18:48:00,0.0,0.0,0.0,0.0,0.0,0.0,0.0,0.0,0.0,0.0,0.0
2023-09-22 18:49:00,0.0,0.0,0.0,0.0,0.0,0.0,0.0,0.0,0.0,0.0,0.0
2023-09-22 18:50:00,0.0,0.0,0.0,0.0,0.0,0.0,0.0,0.0,0.0,0.0,0.0
2023-09-22 18:51:00,0.0,0.0,0.0,0.0,0.0,0.0,0.0,0.0,0.0,0.0,0.0
2023-09-22 18:52:00,0.0,0.0,0.0,0.0,0.0,0.0,0.0,0.0,0.0,0.0,0.0
2023-09-22 18:53:00,0.0,0.0,0.0,0.0,0.0,0.0,0.0,0.0,0.0,0.0,0.0
2023-09-22 18:54:00,0.0,0.0,0.0,0.0,0.0,0.0,0.0,0.0,0.0,0.0,0.0
2023-09-22 18:55:00,0.0,0.0,0.0,0.0,0.0,0.0,0.0,0.0,0.0,0.0,0.0
2023-09-22 18:56:00,0.0,0.0,0.0,0.0,0.0,0.0,0.0,0.0,0.0,0.0,0.0
2023-09-22 18:57:00,0.0,0.0,0.0,0.0,0.0,0.0,0.0,0.0,0.0,0.0,0.0
2023-09-22 18:58:00,0.0,0.0,0.0,0.0,0.0,0.0,0.0,0.0,0.0,0.0,0.0
2023-09-22 18:59:00,0.0,0.0,0.0,0.0,0.0,0.0,0.0,0.0,0.0,0.0,0.0
2023-09-22 19:00:00,0.0,0.0,0.0,0.0,0.0,0.0,0.0,0.0,0.0,0.0,0.0
2023-09-22 19:01:00,0.0,0.0,0.0,0.0,0.0,0.0,0.0,0.0,0.0,0.0,0.0
2023-09-22 19:02:00,0.0,0.0,0.0,0.0,0.0,0.0,0.0,0.0,0.0,0.0,0.0
2023-09-22 19:03:00,0.0,0.0,0.0,0.0,0.0,0.0,0.0,0.0,0.0,0.0,0.0
2023-09-22 19:04:00,0.0,0.0,0.0,0.0,0.0,0.0,0.0,0.0,0.0,0.0,0.0
2023-09-22 19:05:00,0.0,0.0,0.0,0.0,0.0,0.0,0.0,0.0,0.0,0.0,0.0
2023-09-22 19:06:00,0.0,0.0,0.0,0.0,0.0,0.0,0.0,0.0,0.0,0.0,0.0
2023-09-22 19:07:00,0.0,0.0,0.0,0.0,0.0,0.0,0.0,0.0,0.0,0.0,0.0
2023-09-22 19:08:00,0.0,0.0,0.0,0.0,0.0,0.0,0.0,0.0,0.0,0.0,0.0
2023-09-22 19:09:00,0.0,0.0,0.0,0.0,0.0,0.0,0.0,0.0,0.0,0.0,0.0
2023-09-22 19:10:00,0.0,0.0,0.0,0.0,0.0,0.0,0.0,0.0,0.0,0.0,0.0
2023-09-22 19:11:00,0.0,0.0,0.0,0.0,0.0,0.0,0.0,0.0,0.0,0.0,0.0
2023-09-22 19:12:00,0.0,0.0,0.0,0.0,0.0,0.0,0.0,0.0,0.0,0.0,0.0
2023-09-22 19:13:00,0.0,0.0,0.0,0.0,0.0,0.0,0.0,0.0,0.0,0.0,0.0
2023-09-22 19:14:00,0.0,0.0,0.0,0.0,0.0,0.0,0.0,0.0,0.0,0.0,0.0
2023-09-22 19:15:00,0.0,0.0,0.0,0.0,0.0,0.0,0.0,0.0,0.0,0.0,0.0
2023-09-22 19:16:00,0.0,0.0,0.0,0.0,0.0,0.0,0.0,0.0,0.0,0.0,0.0
2023-09-22 19:17:00,0.0,0.0,0.0,0.0,0.0,0.0,0.0,0.0,0.0,0.0,0.0
2023-09-22 19:18:00,0.0,0.0,0.0,0.0,0.0,0.0,0.0,0.0,0.0,0.0,0.0
2023-09-22 19:19:00,0.0,0.0,0.0,0.0,0.0,0.0,0.0,0.0,0.0,0.0,0.0
2023-09-22 19:20:00,0.0,0.0,0.0,0.0,0.0,0.0,0.0,0.0,0.0,0.0,0.0
2023-09-22 19:21:00,0.0,0.0,0.0,0.0,0.0,0.0,0.0,0.0,0.0,0.0,0.0
2023-09-22 19:22:00,0.0,0.0,0.0,0.0,0.0,0.0,0.0,0.0,0.0,0.0,0.0
2023-09-22 19:23:00,0.0,0.0,0.0,0.0,0.0,0.0,0.0,0.0,0.0,0.0,0.0
2023-09-22 19:24:00,0.0,0.0,0.0,0.0,0.0,0.0,0.0,0.0,0.0,0.0,0.0
2023-09-22 19:25:00,0.0,0.0,0.0,0.0,0.0,0.0,0.0,0.0,0.0,0.0,0.0
2023-09-22 19:26:00,0.0,0.0,0.0,0.0,0.0,0.0,0.0,0.0,0.0,0.0,0.0
2023-09-22 19:27:00,0.0,0.0,0.0,0.0,0.0,0.0,0.0,0.0,0.0,0.0,0.0
2023-09-22 19:28:00,0.0,0.0,0.0,0.0,0.0,0.0,0.0,0.0,0.0,0.0,0.0
2023-09-22 19:29:00,0.0,0.0,0.0,0.0,0.0,0.0,0.0,0.0,0.0,0.0,0.0
2023-09-22 19:30:00,0.0,0.0,0.0,0.0,0.0,0.0,0.0,0.0,0.0,0.0,0.0
2023-09-22 19:31:00,0.0,0.0,0.0,0.0,0.0,0.0,0.0,0.0,0.0,0.0,0.0
2023-09-22 19:32:00,0.0,0.0,0.0,0.0,0.0,0.0,0.0,0.0,0.0,0.0,0.0
2023-09-22 19:33:00,0.0,0.0,0.0,0.0,0.0,0.0,0.0,0.0,0.0,0.0,0.0
2023-09-22 19:34:00,0.0,0.0,0.0,0.0,0.0,0.0,0.0,0.0,0.0,0.0,0.0
2023-09-22 19:35:00,0.0,0.0,0.0,0.0,0.0,0.0,0.0,0.0,0.0,0.0,0.0
2023-09-22 19:36:00,0.0,0.0,0.0,0.0,0.0,0.0,0.0,0.0,0.0,0.0,0.0
2023-09-22 19:37:00,0.0,0.0,0.0,0.0,0.0,0.0,0.0,0.0,0.0,0.0,0.0
2023-09-22 19:38:00,0.0,0.0,0.0,0.0,0.0,0.0,0.0,0.0,0.0,0.0,0.0
2023-09-22 19:39:00,0.0,0.0,0.0,0.0,0.0,0.0,0.0,0.0,0.0,0.0,0.0
2023-09-22 19:40:00,0.0,0.0,0.0,0.0,0.0,0.0,0.0,0.0,0.0,0.0,0.0
2023-09-22 19:41:00,0.0,0.0,0.0,0.0,0.0,0.0,0.0,0.0,0.0,0.0,0.0
2023-09-22 19:42:00,0.0,0.0,0.0,0.0,0.0,0.0,0.0,0.0,0.0,0.0,0.0
2023-09-22 19:43:00,0.0,0.0,0.0,0.0,0.0,0.0,0.0,0.0,0.0,0.0,0.0
2023-09-22 19:44:00,0.0,0.0,0.0,0.0,0.0,0.0,0.0,0.0,0.0,0.0,0.0
2023-09-22 19:45:00,0.0,0.0,0.0,0.0,0.0,0.0,0.0,0.0,0.0,0.0,0.0
2023-09-22 19:46:00,0.0,0.0,0.0,0.0,0.0,0.0,0.0,0.0,0.0,0.0,0.0
2023-09-22 19:47:00,0.0,0.0,0.0,0.0,0.0,0.0,0.0,0.0,0.0,0.0,0.0
2023-09-22 19:48:00,0.0,0.0,0.0,0.0,0.0,0.0,0.0,0.0,0.0,0.0,0.0
2023-09-22 19:49:00,0.0,0.0,0.0,0.0,0.0,0.0,0.0,0.0,0.0,0.0,0.0
2023-09-22 19:50:00,0.0,0.0,0.0,0.0,0.0,0.0,0.0,0.0,0.0,0.0,0.0
2023-09-22 19:51:00,0.0,0.0,0.0,0.0,0.0,0.0,0.0,0.0,0.0,0.0,0.0
2023-09-22 19:52:00,0.0,0.0,0.0,0.0,0.0,0.0,0.0,0.0,0.0,0.0,0.0
2023-09-22 19:53:00,0.0,0.0,0.0,0.0,0.0,0.0,0.0,0.0,0.0,0.0,0.0
2023-09-22 19:54:00,0.0,0.0,0.0,0.0,0.0,0.0,0.0,0.0,0.0,0.0,0.0
2023-09-22 19:55:00,0.0,0.0,0.0,0.0,0.0,0.0,0.0,0.0,0.0,0.0,0.0
2023-09-22 19:56:00,0.0,0.0,0.0,0.0,0.0,0.0,0.0,0.0,0.0,0.0,0.0
2023-09-22 19:57:00,0.0,0.0,0.0,0.0,0.0,0.0,0.0,0.0,0.0,0.0,0.0
2023-09-22 19:58:00,0.0,0.0,0.0,0.0,0.0,0.0,0.0,0.0,0.0,0.0,0.0
2023-09-22 19:59:00,0.0,0.0,0.0,0.0,0.0,0.0,0.0,0.0,0.0,0.0,0.0
2023-09-22 20:00:00,0.0,0.0,0.0,0.0,0.0,0.0,0.0,0.0,0.0,0.0,0.0
2023-09-22 20:01:00,0.0,0.0,0.0,0.0,0.0,0.0,0.0,0.0,0.0,0.0,0.0
2023-09-22 20:02:00,0.0,0.0,0.0,0.0,0.0,0.0,0.0,0.0,0.0,0.0,0.0
2023-09-22 20:03:00,0.0,0.0,0.0,0.0,0.0,0.0,0.0,0.0,0.0,0.0,0.0
2023-09-22 20:04:00,0.0,0.0,0.0,0.0,0.0,0.0,0.0,0.0,0.0,0.0,0.0
2023-09-22 20:05:00,0.0,0.0,0.0,0.0,0.0,0.0,0.0,0.0,0.0,0.0,0.0
2023-09-22 20:06:00,0.0,0.0,0.0,0.0,0.0,0.0,0.0,0.0,0.0,0.0,0.0
2023-09-22 20:07:00,0.0,0.0,0.0,0.0,0.0,0.0,0.0,0.0,0.0,0.0,0.0
2023-09-22 20:08:00,0.0,0.0,0.0,0.0,0.0,0.0,0.0,0.0,0.0,0.0,0.0
2023-09-22 20:09:00,0.0,0.0,0.0,0.0,0.0,0.0,0.0,0.0,0.0,0.0,0.0
2023-09-22 20:10:00,0.0,0.0,0.0,0.0,0.0,0.0,0.0,0.0,0.0,0.0,0.0
2023-09-22 20:11:00,0.0,0.0,0.0,0.0,0.0,0.0,0.0,0.0,0.0,0.0,0.0
2023-09-22 20:12:00,0.0,0.0,0.0,0.0,0.0,0.0,0.0,0.0,0.0,0.0,0.0
2023-09-22 20:13:00,0.0,0.0,0.0,0.0,0.0,0.0,0.0,0.0,0.0,0.0,0.0
2023-09-22 20:14:00,0.0,0.0,0.0,0.0,0.0,0.0,0.0,0.0,0.0,0.0,0.0
2023-09-22 20:15:00,0.0,0.0,0.0,0.0,0.0,0.0,0.0,0.0,0.0,0.0,0.0
2023-09-22 20:16:00,0.0,0.0,0.0,0.0,0.0,0.0,0.0,0.0,0.0,0.0,0.0
2023-09-22 20:17:00,0.0,0.0,0.0,0.0,0.0,0.0,0.0,0.0,0.0,0.0,0.0
2023-09-22 20:18:00,0.0,0.0,0.0,0.0,0.0,0.0,0.0,0.0,0.0,0.0,0.0
2023-09-22 20:19:00,0.0,0.0,0.0,0.0,0.0,0.0,0.0,0.0,0.0,0.0,0.0
2023-09-22 20:20:00,0.0,0.0,0.0,0.0,0.0,0.0,0.0,0.0,0.0,0.0,0.0
2023-09-22 20:21:00,0.0,0.0,0.0,0.0,0.0,0.0,0.0,0.0,0.0,0.0,0.0
2023-09-22 20:22:00,0.0,0.0,0.0,0.0,0.0,0.0,0.0,0.0,0.0,0.0,0.0
2023-09-22 20:23:00,0.0,0.0,0.0,0.0,0.0,0.0,0.0,0.0,0.0,0.0,0.0
2023-09-22 20:24:00,0.0,0.0,0.0,0.0,0.0,0.0,0.0,0.0,0.0,0.0,0.0
2023-09-22 20:25:00,0.0,0.0,0.0,0.0,0.0,0.0,0.0,0.0,0.0,0.0,0.0
2023-09-22 20:26:00,0.0,0.0,0.0,0.0,0.0,0.0,0.0,0.0,0.0,0.0,0.0
2023-09-22 20:27:00,0.0,0.0,0.0,0.0,0.0,0.0,0.0,0.0,0.0,0.0,0.0
2023-09-22 20:28:00,0.0,0.0,0.0,0.0,0.0,0.0,0.0,0.0,0.0,0.0,0.0
2023-09-22 20:29:00,0.0,0.0,0.0,0.0,0.0,0.0,0.0,0.0,0.0,0.0,0.0
2023-09-22 20:30:00,0.0,0.0,0.0,0.0,0.0,0.0,0.0,0.0,0.0,0.0,0.0
2023-09-22 20:31:00,0.0,0.0,0.0,0.0,0.0,0.0,0.0,0.0,0.0,0.0,0.0
2023-09-22 20:32:00,0.0,0.0,0.0,0.0,0.0,0.0,0.0,0.0,0.0,0.0,0.0
2023-09-22 20:33:00,0.0,0.0,0.0,0.0,0.0,0.0,0.0,0.0,0.0,0.0,0.0
2023-09-22 20:34:00,0.0,0.0,0.0,0.0,0.0,0.0,0.0,0.0,0.0,0.0,0.0
2023-09-22 20:35:00,0.0,0.0,0.0,0.0,0.0,0.0,0.0,0.0,0.0,0.0,0.0
2023-09-22 20:36:00,0.0,0.0,0.0,0.0,0.0,0.0,0.0,0.0,0.0,0.0,0.0
2023-09-22 20:37:00,0.0,0.0,0.0,0.0,0.0,0.0,0.0,0.0,0.0,0.0,0.0
2023-09-22 20:38:00,0.0,0.0,0.0,0.0,0.0,0.0,0.0,0.0,0.0,0.0,0.0
2023-09-22 20:39:00,0.0,0.0,0.0,0.0,0.0,0.0,0.0,0.0,0.0,0.0,0.0
2023-09-22 20:40:00,0.0,0.0,0.0,0.0,0.0,0.0,0.0,0.0,0.0,0.0,0.0
2023-09-22 20:41:00,0.0,0.0,0.0,0.0,0.0,0.0,0.0,0.0,0.0,0.0,0.0
2023-09-22 20:42:00,0.0,0.0,0.0,0.0,0.0,0.0,0.0,0.0,0.0,0.0,0.0
2023-09-22 20:43:00,0.0,0.0,0.0,0.0,0.0,0.0,0.0,0.0,0.0,0.0,0.0
2023-09-22 20:44:00,0.0,0.0,0.0,0.0,0.0,0.0,0.0,0.0,0.0,0.0,0.0
2023-09-22 20:45:00,0.0,0.0,0.0,0.0,0.0,0.0,0.0,0.0,0.0,0.0,0.0
2023-09-22 20:46:00,0.0,0.0,0.0,0.0,0.0,0.0,0.0,0.0,0.0,0.0,0.0
2023-09-22 20:47:00,0.0,0.0,0.0,0.0,0.0,0.0,0.0,0.0,0.0,0.0,0.0
2023-09-22 20:48:00,0.0,0.0,0.0,0.0,0.0,0.0,0.0,0.0,0.0,0.0,0.0
2023-09-22 20:49:00,0.0,0.0,0.0,0.0,0.0,0.0,0.0,0.0,0.0,0.0,0.0
2023-09-22 20:50:00,0.0,0.0,0.0,0.0,0.0,0.0,0.0,0.0,0.0,0.0,0.0
2023-09-22 20:51:00,0.0,0.0,0.0,0.0,0.0,0.0,0.0,0.0,0.0,0.0,0.0
2023-09-22 20:52:00,0.0,0.0,0.0,0.0,0.0,0.0,0.0,0.0,0.0,0.0,0.0
2023-09-22 20:53:00,0.0,0.0,0.0,0.0,0.0,0.0,0.0,0.0,0.0,0.0,0.0
2023-09-22 20:54:00,0.0,0.0,0.0,0.0,0.0,0.0,0.0,0.0,0.0,0.0,0.0
2023-09-22 20:55:00,0.0,0.0,0.0,0.0,0.0,0.0,0.0,0.0,0.0,0.0,0.0
2023-09-22 20:56:00,0.0,0.0,0.0,0.0,0.0,0.0,0.0,0.0,0.0,0.0,0.0
2023-09-22 20:57:00,0.0,0.0,0.0,0.0,0.0,0.0,0.0,0.0,0.0,0.0,0.0
2023-09-22 20:58:00,0.0,0.0,0.0,0.0,0.0,0.0,0.0,0.0,0.0,0.0,0.0
2023-09-22 20:59:00,0.0,0.0,0.0,0.0,0.0,0.0,0.0,0.0,0.0,0.0,0.0
2023-09-22 21:00:00,0.0,0.0,0.0,0.0,0.0,0.0,0.0,0.0,0.0,0.0,0.0
2023-09-22 21:01:00,0.0,0.0,0.0,0.0,0.0,0.0,0.0,0.0,0.0,0.0,0.0
2023-09-22 21:02:00,0.0,0.0,0.0,0.0,0.0,0.0,0.0,0.0,0.0,0.0,0.0
2023-09-22 21:03:00,0.0,0.0,0.0,0.0,0.0,0.0,0.0,0.0,0.0,0.0,0.0
2023-09-22 21:04:00,0.0,0.0,0.0,0.0,0.0,0.0,0.0,0.0,0.0,0.0,0.0
2023-09-22 21:05:00,0.0,0.0,0.0,0.0,0.0,0.0,0.0,0.0,0.0,0.0,0.0
2023-09-22 21:06:00,0.0,0.0,0.0,0.0,0.0,0.0,0.0,0.0,0.0,0.0,0.0
2023-09-22 21:07:00,0.0,0.0,0.0,0.0,0.0,0.0,0.0,0.0,0.0,0.0,0.0
2023-09-22 21:08:00,0.0,0.0,0.0,0.0,0.0,0.0,0.0,0.0,0.0,0.0,0.0
2023-09-22 21:09:00,0.0,0.0,0.0,0.0,0.0,0.0,0.0,0.0,0.0,0.0,0.0
2023-09-22 21:10:00,0.0,0.0,0.0,0.0,0.0,0.0,0.0,0.0,0.0,0.0,0.0
2023-09-22 21:11:00,0.0,0.0,0.0,0.0,0.0,0.0,0.0,0.0,0.0,0.0,0.0
2023-09-22 21:12:00,0.0,0.0,0.0,0.0,0.0,0.0,0.0,0.0,0.0,0.0,0.0
2023-09-22 21:13:00,0.0,0.0,0.0,0.0,0.0,0.0,0.0,0.0,0.0,0.0,0.0
2023-09-22 21:14:00,0.0,0.0,0.0,0.0,0.0,0.0,0.0,0.0,0.0,0.0,0.0
2023-09-22 21:15:00,0.0,0.0,0.0,0.0,0.0,0.0,0.0,0.0,0.0,0.0,0.0
2023-09-22 21:16:00,0.0,0.0,0.0,0.0,0.0,0.0,0.0,0.0,0.0,0.0,0.0
2023-09-22 21:17:00,0.0,0.0,0.0,0.0,0.0,0.0,0.0,0.0,0.0,0.0,0.0
2023-09-22 21:18:00,0.0,0.0,0.0,0.0,0.0,0.0,0.0,0.0,0.0,0.0,0.0
2023-09-22 21:19:00,0.0,0.0,0.0,0.0,0.0,0.0,0.0,0.0,0.0,0.0,0.0
2023-09-22 21:20:00,0.0,0.0,0.0,0.0,0.0,0.0,0.0,0.0,0.0,0.0,0.0
2023-09-22 21:21:00,0.0,0.0,0.0,0.0,0.0,0.0,0.0,0.0,0.0,0.0,0.0
2023-09-22 21:22:00,0.0,0.0,0.0,0.0,0.0,0.0,0.0,0.0,0.0,0.0,0.0
2023-09-22 21:23:00,0.0,0.0,0.0,0.0,0.0,0.0,0.0,0.0,0.0,0.0,0.0
2023-09-22 21:24:00,0.0,0.0,0.0,0.0,0.0,0.0,0.0,0.0,0.0,0.0,0.0
2023-09-22 21:25:00,0.0,0.0,0.0,0.0,0.0,0.0,0.0,0.0,0.0,0.0,0.0
2023-09-22 21:26:00,0.0,0.0,0.0,0.0,0.0,0.0,0.0,0.0,0.0,0.0,0.0
2023-09-22 21:27:00,0.0,0.0,0.0,0.0,0.0,0.0,0.0,0.0,0.0,0.0,0.0
2023-09-22 21:28:00,0.0,0.0,0.0,0.0,0.0,0.0,0.0,0.0,0.0,0.0,0.0
2023-09-22 21:29:00,0.0,0.0,0.0,0.0,0.0,0.0,0.0,0.0,0.0,0.0,0.0
2023-09-22 21:30:00,0.0,0.0,0.0,0.0,0.0,0.0,0.0,0.0,0.0,0.0,0.0
2023-09-22 21:31:00,0.0,0.0,0.0,0.0,0.0,0.0,0.0,0.0,0.0,0.0,0.0
2023-09-22 21:32:00,0.0,0.0,0.0,0.0,0.0,0.0,0.0,0.0,0.0,0.0,0.0
2023-09-22 21:33:00,0.0,0.0,0.0,0.0,0.0,0.0,0.0,0.0,0.0,0.0,0.0
2023-09-22 21:34:00,0.0,0.0,0.0,0.0,0.0,0.0,0.0,0.0,0.0,0.0,0.0
2023-09-22 21:35:00,0.0,0.0,0.0,0.0,0.0,0.0,0.0,0.0,0.0,0.0,0.0
2023-09-22 21:36:00,0.0,0.0,0.0,0.0,0.0,0.0,0.0,0.0,0.0,0.0,0.0
2023-09-22 21:37:00,0.0,0.0,0.0,0.0,0.0,0.0,0.0,0.0,0.0,0.0,0.0
2023-09-22 21:38:00,0.0,0.0,0.0,0.0,0.0,0.0,0.0,0.0,0.0,0.0,0.0
2023-09-22 21:39:00,0.0,0.0,0.0,0.0,0.0,0.0,0.0,0.0,0.0,0.0,0.0
2023-09-22 21:40:00,0.0,0.0,0.0,0.0,0.0,0.0,0.0,0.0,0.0,0.0,0.0
2023-09-22 21:41:00,0.0,0.0,0.0,0.0,0.0,0.0,0.0,0.0,0.0,0.0,0.0
2023-09-22 21:42:00,0.0,0.0,0.0,0.0,0.0,0.0,0.0,0.0,0.0,0.0,0.0
2023-09-22 21:43:00,0.0,0.0,0.0,0.0,0.0,0.0,0.0,0.0,0.0,0.0,0.0
2023-09-22 21:44:00,0.0,0.0,0.0,0.0,0.0,0.0,0.0,0.0,0.0,0.0,0.0
2023-09-22 21:45:00,0.0,0.0,0.0,0.0,0.0,0.0,0.0,0.0,0.0,0.0,0.0
2023-09-22 21:46:00,0.0,0.0,0.0,0.0,0.0,0.0,0.0,0.0,0.0,0.0,0.0
2023-09-22 21:47:00,0.0,0.0,0.0,0.0,0.0,0.0,0.0,0.0,0.0,0.0,0.0
2023-09-22 21:48:00,0.0,0.0,0.0,0.0,0.0,0.0,0.0,0.0,0.0,0.0,0.0
2023-09-22 21:49:00,0.0,0.0,0.0,0.0,0.0,0.0,0.0,0.0,0.0,0.0,0.0
2023-09-22 21:50:00,0.0,0.0,0.0,0.0,0.0,0.0,0.0,0.0,0.0,0.0,0.0
2023-09-22 21:51:00,0.0,0.0,0.0,0.0,0.0,0.0,0.0,0.0,0.0,0.0,0.0
2023-09-22 21:52:00,0.0,0.0,0.0,0.0,0.0,0.0,0.0,0.0,0.0,0.0,0.0
2023-09-22 21:53:00,0.0,0.0,0.0,0.0,0.0,0.0,0.0,0.0,0.0,0.0,0.0
2023-09-22 21:54:00,0.0,0.0,0.0,0.0,0.0,0.0,0.0,0.0,0.0,0.0,0.0
2023-09-22 21:55:00,0.0,0.0,0.0,0.0,0.0,0.0,0.0,0.0,0.0,0.0,0.0
2023-09-22 21:56:00,0.0,0.0,0.0,0.0,0.0,0.0,0.0,0.0,0.0,0.0,0.0
2023-09-22 21:57:00,0.0,0.0,0.0,0.0,0.0,0.0,0.0,0.0,0.0,0.0,0.0
2023-09-22 21:58:00,0.0,0.0,0.0,0.0,0.0,0.0,0.0,0.0,0.0,0.0,0.0
2023-09-22 21:59:00,0.0,0.0,0.0,0.0,0.0,0.0,0.0,0.0,0.0,0.0,0.0
2023-09-22 22:00:00,0.0,0.0,0.0,0.0,0.0,0.0,0.0,0.0,0.0,0.0,0.0
2023-09-22 22:01:00,0.0,0.0,0.0,0.0,0.0,0.0,0.0,0.0,0.0,0.0,0.0
2023-09-22 22:02:00,0.0,0.0,0.0,0.0,0.0,0.0,0.0,0.0,0.0,0.0,0.0
2023-09-22 22:03:00,0.0,0.0,0.0,0.0,0.0,0.0,0.0,0.0,0.0,0.0,0.0
2023-09-22 22:04:00,0.0,0.0,0.0,0.0,0.0,0.0,0.0,0.0,0.0,0.0,0.0
2023-09-22 22:05:00,0.0,0.0,0.0,0.0,0.0,0.0,0.0,0.0,0.0,0.0,0.0
2023-09-22 22:06:00,0.0,0.0,0.0,0.0,0.0,0.0,0.0,0.0,0.0,0.0,0.0
2023-09-22 22:07:00,0.0,0.0,0.0,0.0,0.0,0.0,0.0,0.0,0.0,0.0,0.0
2023-09-22 22:08:00,0.0,0.0,0.0,0.0,0.0,0.0,0.0,0.0,0.0,0.0,0.0
2023-09-22 22:09:00,0.0,0.0,0.0,0.0,0.0,0.0,0.0,0.0,0.0,0.0,0.0
2023-09-22 22:10:00,0.0,0.0,0.0,0.0,0.0,0.0,0.0,0.0,0.0,0.0,0.0
2023-09-22 22:11:00,0.0,0.0,0.0,0.0,0.0,0.0,0.0,0.0,0.0,0.0,0.0
2023-09-22 22:12:00,0.0,0.0,0.0,0.0,0.0,0.0,0.0,0.0,0.0,0.0,0.0
2023-09-22 22:13:00,0.0,0.0,0.0,0.0,0.0,0.0,0.0,0.0,0.0,0.0,0.0
2023-09-22 22:14:00,0.0,0.0,0.0,0.0,0.0,0.0,0.0,0.0,0.0,0.0,0.0
2023-09-22 22:15:00,0.0,0.0,0.0,0.0,0.0,0.0,0.0,0.0,0.0,0.0,0.0
2023-09-22 22:16:00,0.0,0.0,0.0,0.0,0.0,0.0,0.0,0.0,0.0,0.0,0.0
2023-09-22 22:17:00,0.0,0.0,0.0,0.0,0.0,0.0,0.0,0.0,0.0,0.0,0.0
2023-09-22 22:18:00,0.0,0.0,0.0,0.0,0.0,0.0,0.0,0.0,0.0,0.0,0.0
2023-09-22 22:19:00,0.0,0.0,0.0,0.0,0.0,0.0,0.0,0.0,0.0,0.0,0.0
2023-09-22 22:20:00,0.0,0.0,0.0,0.0,0.0,0.0,0.0,0.0,0.0,0.0,0.0
2023-09-22 22:21:00,0.0,0.0,0.0,0.0,0.0,0.0,0.0,0.0,0.0,0.0,0.0
2023-09-22 22:22:00,0.0,0.0,0.0,0.0,0.0,0.0,0.0,0.0,0.0,0.0,0.0
2023-09-22 22:23:00,0.0,0.0,0.0,0.0,0.0,0.0,0.0,0.0,0.0,0.0,0.0
2023-09-22 22:24:00,0.0,0.0,0.0,0.0,0.0,0.0,0.0,0.0,0.0,0.0,0.0
2023-09-22 22:25:00,0.0,0.0,0.0,0.0,0.0,0.0,0.0,0.0,0.0,0.0,0.0
2023-09-22 22:26:00,0.0,0.0,0.0,0.0,0.0,0.0,0.0,0.0,0.0,0.0,0.0
2023-09-22 22:27:00,0.0,0.0,0.0,0.0,0.0,0.0,0.0,0.0,0.0,0.0,0.0
2023-09-22 22:28:00,0.0,0.0,0.0,0.0,0.0,0.0,0.0,0.0,0.0,0.0,0.0
2023-09-22 22:29:00,0.0,0.0,0.0,0.0,0.0,0.0,0.0,0.0,0.0,0.0,0.0
2023-09-22 22:30:00,0.0,0.0,0.0,0.0,0.0,0.0,0.0,0.0,0.0,0.0,0.0
2023-09-22 22:31:00,0.0,0.0,0.0,0.0,0.0,0.0,0.0,0.0,0.0,0.0,0.0
2023-09-22 22:32:00,0.0,0.0,0.0,0.0,0.0,0.0,0.0,0.0,0.0,0.0,0.0
2023-09-22 22:33:00,0.0,0.0,0.0,0.0,0.0,0.0,0.0,0.0,0.0,0.0,0.0
2023-09-22 22:34:00,0.0,0.0,0.0,0.0,0.0,0.0,0.0,0.0,0.0,0.0,0.0
2023-09-22 22:35:00,0.0,0.0,0.0,0.0,0.0,0.0,0.0,0.0,0.0,0.0,0.0
2023-09-22 22:36:00,0.0,0.0,0.0,0.0,0.0,0.0,0.0,0.0,0.0,0.0,0.0
2023-09-22 22:37:00,0.0,0.0,0.0,0.0,0.0,0.0,0.0,0.0,0.0,0.0,0.0
2023-09-22 22:38:00,0.0,0.0,0.0,0.0,0.0,0.0,0.0,0.0,0.0,0.0,0.0
2023-09-22 22:39:00,0.0,0.0,0.0,0.0,0.0,0.0,0.0,0.0,0.0,0.0,0.0
2023-09-22 22:40:00,0.0,0.0,0.0,0.0,0.0,0.0,0.0,0.0,0.0,0.0,0.0
2023-09-22 22:41:00,0.0,0.0,0.0,0.0,0.0,0.0,0.0,0.0,0.0,0.0,0.0
2023-09-22 22:42:00,0.0,0.0,0.0,0.0,0.0,0.0,0.0,0.0,0.0,0.0,0.0
2023-09-22 22:43:00,0.0,0.0,0.0,0.0,0.0,0.0,0.0,0.0,0.0,0.0,0.0
2023-09-22 22:44:00,0.0,0.0,0.0,0.0,0.0,0.0,0.0,0.0,0.0,0.0,0.0
2023-09-22 22:45:00,0.0,0.0,0.0,0.0,0.0,0.0,0.0,0.0,0.0,0.0,0.0
2023-09-22 22:46:00,0.0,0.0,0.0,0.0,0.0,0.0,0.0,0.0,0.0,0.0,0.0
2023-09-22 22:47:00,0.0,0.0,0.0,0.0,0.0,0.0,0.0,0.0,0.0,0.0,0.0
2023-09-22 22:48:00,0.0,0.0,0.0,0.0,0.0,0.0,0.0,0.0,0.0,0.0,0.0
2023-09-22 22:49:00,0.0,0.0,0.0,0.0,0.0,0.0,0.0,0.0,0.0,0.0,0.0
2023-09-22 22:50:00,0.0,0.0,0.0,0.0,0.0,0.0,0.0,0.0,0.0,0.0,0.0
2023-09-22 22:51:00,0.0,0.0,0.0,0.0,0.0,0.0,0.0,0.0,0.0,0.0,0.0
2023-09-22 22:52:00,0.0,0.0,0.0,0.0,0.0,0.0,0.0,0.0,0.0,0.0,0.0
2023-09-22 22:53:00,0.0,0.0,0.0,0.0,0.0,0.0,0.0,0.0,0.0,0.0,0.0
2023-09-22 22:54:00,0.0,0.0,0.0,0.0,0.0,0.0,0.0,0.0,0.0,0.0,0.0
2023-09-22 22:55:00,0.0,0.0,0.0,0.0,0.0,0.0,0.0,0.0,0.0,0.0,0.0
2023-09-22 22:56:00,0.0,0.0,0.0,0.0,0.0,0.0,0.0,0.0,0.0,0.0,0.0
2023-09-22 22:57:00,0.0,0.0,0.0,0.0,0.0,0.0,0.0,0.0,0.0,0.0,0.0
2023-09-22 22:58:00,0.0,0.0,0.0,0.0,0.0,0.0,0.0,0.0,0.0,0.0,0.0
2023-09-22 22:59:00,0.0,0.0,0.0,0.0,0.0,0.0,0.0,0.0,0.0,0.0,0.0
2023-09-22 23:00:00,0.0,0.0,0.0,0.0,0.0,0.0,0.0,0.0,0.0,0.0,0.0
2023-09-22 23:01:00,0.0,0.0,0.0,0.0,0.0,0.0,0.0,0.0,0.0,0.0,0.0
2023-09-22 23:02:00,0.0,0.0,0.0,0.0,0.0,0.0,0.0,0.0,0.0,0.0,0.0
2023-09-22 23:03:00,0.0,0.0,0.0,0.0,0.0,0.0,0.0,0.0,0.0,0.0,0.0
2023-09-22 23:04:00,0.0,0.0,0.0,0.0,0.0,0.0,0.0,0.0,0.0,0.0,0.0
2023-09-22 23:05:00,0.0,0.0,0.0,0.0,0.0,0.0,0.0,0.0,0.0,0.0,0.0
2023-09-22 23:06:00,0.0,0.0,0.0,0.0,0.0,0.0,0.0,0.0,0.0,0.0,0.0
2023-09-22 23:07:00,0.0,0.0,0.0,0.0,0.0,0.0,0.0,0.0,0.0,0.0,0.0
2023-09-22 23:08:00,0.0,0.0,0.0,0.0,0.0,0.0,0.0,0.0,0.0,0.0,0.0
2023-09-22 23:09:00,0.0,0.0,0.0,0.0,0.0,0.0,0.0,0.0,0.0,0.0,0.0
2023-09-22 23:10:00,0.0,0.0,0.0,0.0,0.0,0.0,0.0,0.0,0.0,0.0,0.0
2023-09-22 23:11:00,0.0,0.0,0.0,0.0,0.0,0.0,0.0,0.0,0.0,0.0,0.0
2023-09-22 23:12:00,0.0,0.0,0.0,0.0,0.0,0.0,0.0,0.0,0.0,0.0,0.0
2023-09-22 23:13:00,0.0,0.0,0.0,0.0,0.0,0.0,0.0,0.0,0.0,0.0,0.0
2023-09-22 23:14:00,0.0,0.0,0.0,0.0,0.0,0.0,0.0,0.0,0.0,0.0,0.0
2023-09-22 23:15:00,0.0,0.0,0.0,0.0,0.0,0.0,0.0,0.0,0.0,0.0,0.0
2023-09-22 23:16:00,0.0,0.0,0.0,0.0,0.0,0.0,0.0,0.0,0.0,0.0,0.0
2023-09-22 23:17:00,0.0,0.0,0.0,0.0,0.0,0.0,0.0,0.0,0.0,0.0,0.0
2023-09-22 23:18:00,0.0,0.0,0.0,0.0,0.0,0.0,0.0,0.0,0.0,0.0,0.0
2023-09-22 23:19:00,0.0,0.0,0.0,0.0,0.0,0.0,0.0,0.0,0.0,0.0,0.0
2023-09-22 23:20:00,0.0,0.0,0.0,0.0,0.0,0.0,0.0,0.0,0.0,0.0,0.0
2023-09-22 23:21:00,0.0,0.0,0.0,0.0,0.0,0.0,0.0,0.0,0.0,0.0,0.0
2023-09-22 23:22:00,0.0,0.0,0.0,0.0,0.0,0.0,0.0,0.0,0.0,0.0,0.0
2023-09-22 23:23:00,0.0,0.0,0.0,0.0,0.0,0.0,0.0,0.0,0.0,0.0,0.0
2023-09-22 23:24:00,0.0,0.0,0.0,0.0,0.0,0.0,0.0,0.0,0.0,0.0,0.0
2023-09-22 23:25:00,0.0,0.0,0.0,0.0,0.0,0.0,0.0,0.0,0.0,0.0,0.0
2023-09-22 23:26:00,0.0,0.0,0.0,0.0,0.0,0.0,0.0,0.0,0.0,0.0,0.0
2023-09-22 23:27:00,0.0,0.0,0.0,0.0,0.0,0.0,0.0,0.0,0.0,0.0,0.0
2023-09-22 23:28:00,0.0,0.0,0.0,0.0,0.0,0.0,0.0,0.0,0.0,0.0,0.0
2023-09-22 23:29:00,0.0,0.0,0.0,0.0,0.0,0.0,0.0,0.0,0.0,0.0,0.0
2023-09-22 23:30:00,0.0,0.0,0.0,0.0,0.0,0.0,0.0,0.0,0.0,0.0,0.0
2023-09-22 23:31:00,0.0,0.0,0.0,0.0,0.0,0.0,0.0,0.0,0.0,0.0,0.0
2023-09-22 23:32:00,0.0,0.0,0.0,0.0,0.0,0.0,0.0,0.0,0.0,0.0,0.0
2023-09-22 23:33:00,0.0,0.0,0.0,0.0,0.0,0.0,0.0,0.0,0.0,0.0,0.0
2023-09-22 23:34:00,0.0,0.0,0.0,0.0,0.0,0.0,0.0,0.0,0.0,0.0,0.0
2023-09-22 23:35:00,0.0,0.0,0.0,0.0,0.0,0.0,0.0,0.0,0.0,0.0,0.0
2023-09-22 23:36:00,0.0,0.0,0.0,0.0,0.0,0.0,0.0,0.0,0.0,0.0,0.0
2023-09-22 23:37:00,0.0,0.0,0.0,0.0,0.0,0.0,0.0,0.0,0.0,0.0,0.0
2023-09-22 23:38:00,0.0,0.0,0.0,0.0,0.0,0.0,0.0,0.0,0.0,0.0,0.0
2023-09-22 23:39:00,0.0,0.0,0.0,0.0,0.0,0.0,0.0,0.0,0.0,0.0,0.0
2023-09-22 23:40:00,0.0,0.0,0.0,0.0,0.0,0.0,0.0,0.0,0.0,0.0,0.0
2023-09-22 23:41:00,0.0,0.0,0.0,0.0,0.0,0.0,0.0,0.0,0.0,0.0,0.0
2023-09-22 23:42:00,0.0,0.0,0.0,0.0,0.0,0.0,0.0,0.0,0.0,0.0,0.0
2023-09-22 23:43:00,0.0,0.0,0.0,0.0,0.0,0.0,0.0,0.0,0.0,0.0,0.0
2023-09-22 23:44:00,0.0,0.0,0.0,0.0,0.0,0.0,0.0,0.0,0.0,0.0,0.0
2023-09-22 23:45:00,0.0,0.0,0.0,0.0,0.0,0.0,0.0,0.0,0.0,0.0,0.0
2023-09-22 23:46:00,0.0,0.0,0.0,0.0,0.0,0.0,0.0,0.0,0.0,0.0,0.0
2023-09-22 23:47:00,0.0,0.0,0.0,0.0,0.0,0.0,0.0,0.0,0.0,0.0,0.0
2023-09-22 23:48:00,0.0,0.0,0.0,0.0,0.0,0.0,0.0,0.0,0.0,0.0,0.0
2023-09-22 23:49:00,0.0,0.0,0.0,0.0,0.0,0.0,0.0,0.0,0.0,0.0,0.0
2023-09-22 23:50:00,0.0,0.0,0.0,0.0,0.0,0.0,0.0,0.0,0.0,0.0,0.0
2023-09-22 23:51:00,0.0,0.0,0.0,0.0,0.0,0.0,0.0,0.0,0.0,0.0,0.0
2023-09-22 23:52:00,0.0,0.0,0.0,0.0,0.0,0.0,0.0,0.0,0.0,0.0,0.0
2023-09-22 23:53:00,0.0,0.0,0.0,0.0,0.0,0.0,0.0,0.0,0.0,0.0,0.0
2023-09-22 23:54:00,0.0,0.0,0.0,0.0,0.0,0.0,0.0,0.0,0.0,0.0,0.0
2023-09-22 23:55:00,0.0,0.0,0.0,0.0,0.0,0.0,0.0,0.0,0.0,0.0,0.0
2023-09-22 23:56:00,0.0,0.0,0.0,0.0,0.0,0.0,0.0,0.0,0.0,0.0,0.0
2023-09-22 23:57:00,0.0,0.0,0.0,0.0,0.0,0.0,0.0,0.0,0.0,0.0,0.0
2023-09-22 23:58:00,0.0,0.0,0.0,0.0,0.0,0.0,0.0,0.0,0.0,0.0,0.0
2023-09-22 23:59:00,0.0,0.0,0.0,0.0,0.0,0.0,0.0,0.0,0.0,0.0,0.0
