Datetime,Temp (degree C)
2024-05-22 00:00:00,26.7
2024-05-22 00:01:00,26.8
2024-05-22 00:02:00,26.8
2024-05-22 00:03:00,26.8
2024-05-22 00:04:00,26.8
2024-05-22 00:05:00,26.8
2024-05-22 00:06:00,26.8
2024-05-22 00:07:00,26.8
2024-05-22 00:08:00,26.8
2024-05-22 00:09:00,26.8
2024-05-22 00:10:00,26.8
2024-05-22 00:11:00,26.8
2024-05-22 00:12:00,26.7
2024-05-22 00:13:00,26.8
2024-05-22 00:14:00,26.7
2024-05-22 00:15:00,26.8
2024-05-22 00:16:00,26.7
2024-05-22 00:17:00,26.7
2024-05-22 00:18:00,26.7
2024-05-22 00:19:00,26.7
2024-05-22 00:20:00,26.8
2024-05-22 00:21:00,26.8
2024-05-22 00:22:00,26.8
2024-05-22 00:23:00,26.8
2024-05-22 00:24:00,26.8
2024-05-22 00:25:00,26.8
2024-05-22 00:26:00,26.8
2024-05-22 00:27:00,26.8
2024-05-22 00:28:00,26.7
2024-05-22 00:29:00,26.7
2024-05-22 00:30:00,26.7
2024-05-22 00:31:00,26.7
2024-05-22 00:32:00,26.7
2024-05-22 00:33:00,26.7
2024-05-22 00:34:00,26.7
2024-05-22 00:35:00,26.7
2024-05-22 00:36:00,26.7
2024-05-22 00:37:00,26.7
2024-05-22 00:38:00,26.7
2024-05-22 00:39:00,26.7
2024-05-22 00:40:00,26.7
2024-05-22 00:41:00,26.7
2024-05-22 00:42:00,26.8
2024-05-22 00:43:00,26.8
2024-05-22 00:44:00,26.8
2024-05-22 00:45:00,26.8
2024-05-22 00:46:00,26.8
2024-05-22 00:47:00,26.8
2024-05-22 00:48:00,26.7
2024-05-22 00:49:00,26.8
2024-05-22 00:50:00,26.8
2024-05-22 00:51:00,26.8
2024-05-22 00:52:00,26.8
2024-05-22 00:53:00,26.8
2024-05-22 00:54:00,26.8
2024-05-22 00:55:00,26.7
2024-05-22 00:56:00,26.7
2024-05-22 00:57:00,26.7
2024-05-22 00:58:00,26.7
2024-05-22 00:59:00,26.7
2024-05-22 01:00:00,26.7
2024-05-22 01:01:00,26.7
2024-05-22 01:02:00,26.7
2024-05-22 01:03:00,26.7
2024-05-22 01:04:00,26.7
2024-05-22 01:05:00,26.7
2024-05-22 01:06:00,26.7
2024-05-22 01:07:00,26.8
2024-05-22 01:08:00,26.8
2024-05-22 01:09:00,26.8
2024-05-22 01:10:00,26.8
2024-05-22 01:11:00,26.8
2024-05-22 01:12:00,26.8
2024-05-22 01:13:00,26.8
2024-05-22 01:14:00,26.8
2024-05-22 01:15:00,26.8
2024-05-22 01:16:00,26.7
2024-05-22 01:17:00,26.8
2024-05-22 01:18:00,26.8
2024-05-22 01:19:00,26.8
2024-05-22 01:20:00,26.8
2024-05-22 01:21:00,26.8
2024-05-22 01:22:00,26.8
2024-05-22 01:23:00,26.8
2024-05-22 01:24:00,26.8
2024-05-22 01:25:00,26.8
2024-05-22 01:26:00,26.8
2024-05-22 01:27:00,26.9
2024-05-22 01:28:00,26.9
2024-05-22 01:29:00,26.8
2024-05-22 01:30:00,26.8
2024-05-22 01:31:00,26.8
2024-05-22 01:32:00,26.8
2024-05-22 01:33:00,26.8
2024-05-22 01:34:00,26.8
2024-05-22 01:35:00,26.8
2024-05-22 01:36:00,26.8
2024-05-22 01:37:00,26.8
2024-05-22 01:38:00,26.8
2024-05-22 01:39:00,26.8
2024-05-22 01:40:00,26.8
2024-05-22 01:41:00,26.8
2024-05-22 01:42:00,26.8
2024-05-22 01:43:00,26.8
2024-05-22 01:44:00,26.8
2024-05-22 01:45:00,26.8
2024-05-22 01:46:00,26.8
2024-05-22 01:47:00,26.8
2024-05-22 01:48:00,26.8
2024-05-22 01:49:00,26.8
2024-05-22 01:50:00,26.8
2024-05-22 01:51:00,26.8
2024-05-22 01:52:00,26.8
2024-05-22 01:53:00,26.8
2024-05-22 01:54:00,26.7
2024-05-22 01:55:00,26.8
2024-05-22 01:56:00,26.8
2024-05-22 01:57:00,26.8
2024-05-22 01:58:00,26.8
2024-05-22 01:59:00,26.8
2024-05-22 02:00:00,26.8
2024-05-22 02:01:00,26.8
2024-05-22 02:02:00,26.8
2024-05-22 02:03:00,26.8
2024-05-22 02:04:00,26.8
2024-05-22 02:05:00,26.8
2024-05-22 02:06:00,26.8
2024-05-22 02:07:00,26.8
2024-05-22 02:08:00,26.8
2024-05-22 02:09:00,26.8
2024-05-22 02:10:00,26.8
2024-05-22 02:11:00,26.8
2024-05-22 02:12:00,26.8
2024-05-22 02:13:00,26.8
2024-05-22 02:14:00,26.8
2024-05-22 02:15:00,26.8
2024-05-22 02:16:00,26.8
2024-05-22 02:17:00,26.8
2024-05-22 02:18:00,26.8
2024-05-22 02:19:00,26.8
2024-05-22 02:20:00,26.8
2024-05-22 02:21:00,26.8
2024-05-22 02:22:00,26.8
2024-05-22 02:23:00,26.8
2024-05-22 02:24:00,26.8
2024-05-22 02:25:00,26.8
2024-05-22 02:26:00,26.8
2024-05-22 02:27:00,26.8
2024-05-22 02:28:00,26.8
2024-05-22 02:29:00,26.8
2024-05-22 02:30:00,26.8
2024-05-22 02:31:00,26.9
2024-05-22 02:32:00,26.8
2024-05-22 02:33:00,26.8
2024-05-22 02:34:00,26.9
2024-05-22 02:35:00,26.9
2024-05-22 02:36:00,26.8
2024-05-22 02:37:00,26.8
2024-05-22 02:38:00,26.8
2024-05-22 02:39:00,26.8
2024-05-22 02:40:00,26.8
2024-05-22 02:41:00,26.8
2024-05-22 02:42:00,26.8
2024-05-22 02:43:00,26.8
2024-05-22 02:44:00,26.8
2024-05-22 02:45:00,26.8
2024-05-22 02:46:00,26.8
2024-05-22 02:47:00,26.8
2024-05-22 02:48:00,26.8
2024-05-22 02:49:00,26.8
2024-05-22 02:50:00,26.8
2024-05-22 02:51:00,26.8
2024-05-22 02:52:00,26.8
2024-05-22 02:53:00,26.8
2024-05-22 02:54:00,26.7
2024-05-22 02:55:00,26.6
2024-05-22 02:56:00,26.7
2024-05-22 02:57:00,26.7
2024-05-22 02:58:00,26.6
2024-05-22 02:59:00,26.6
2024-05-22 03:00:00,26.6
2024-05-22 03:01:00,26.6
2024-05-22 03:02:00,26.7
2024-05-22 03:03:00,26.7
2024-05-22 03:04:00,26.7
2024-05-22 03:05:00,26.7
2024-05-22 03:06:00,26.8
2024-05-22 03:07:00,26.8
2024-05-22 03:08:00,26.8
2024-05-22 03:09:00,26.8
2024-05-22 03:10:00,26.8
2024-05-22 03:11:00,26.8
2024-05-22 03:12:00,26.8
2024-05-22 03:13:00,26.7
2024-05-22 03:14:00,26.7
2024-05-22 03:15:00,26.6
2024-05-22 03:16:00,26.6
2024-05-22 03:17:00,26.7
2024-05-22 03:18:00,26.7
2024-05-22 03:19:00,26.7
2024-05-22 03:20:00,26.7
2024-05-22 03:21:00,26.7
2024-05-22 03:22:00,26.8
2024-05-22 03:23:00,26.8
2024-05-22 03:24:00,26.8
2024-05-22 03:25:00,26.8
2024-05-22 03:26:00,26.7
2024-05-22 03:27:00,26.7
2024-05-22 03:28:00,26.7
2024-05-22 03:29:00,26.7
2024-05-22 03:30:00,26.7
2024-05-22 03:31:00,26.8
2024-05-22 03:32:00,26.7
2024-05-22 03:33:00,26.7
2024-05-22 03:34:00,26.8
2024-05-22 03:35:00,26.8
2024-05-22 03:36:00,26.7
2024-05-22 03:37:00,26.7
2024-05-22 03:38:00,26.7
2024-05-22 03:39:00,26.7
2024-05-22 03:40:00,26.7
2024-05-22 03:41:00,26.7
2024-05-22 03:42:00,26.7
2024-05-22 03:43:00,26.7
2024-05-22 03:44:00,26.7
2024-05-22 03:45:00,26.7
2024-05-22 03:46:00,26.7
2024-05-22 03:47:00,26.7
2024-05-22 03:48:00,26.7
2024-05-22 03:49:00,26.8
2024-05-22 03:50:00,26.8
2024-05-22 03:51:00,26.8
2024-05-22 03:52:00,26.8
2024-05-22 03:53:00,26.8
2024-05-22 03:54:00,26.8
2024-05-22 03:55:00,26.8
2024-05-22 03:56:00,26.8
2024-05-22 03:57:00,26.8
2024-05-22 03:58:00,26.8
2024-05-22 03:59:00,26.8
2024-05-22 04:00:00,26.8
2024-05-22 04:01:00,26.8
2024-05-22 04:02:00,26.8
2024-05-22 04:03:00,26.8
2024-05-22 04:04:00,26.8
2024-05-22 04:05:00,26.8
2024-05-22 04:06:00,26.8
2024-05-22 04:07:00,26.8
2024-05-22 04:08:00,26.8
2024-05-22 04:09:00,26.8
2024-05-22 04:10:00,26.8
2024-05-22 04:11:00,26.8
2024-05-22 04:12:00,26.8
2024-05-22 04:13:00,26.8
2024-05-22 04:14:00,26.8
2024-05-22 04:15:00,26.8
2024-05-22 04:16:00,26.8
2024-05-22 04:17:00,26.8
2024-05-22 04:18:00,26.8
2024-05-22 04:19:00,26.8
2024-05-22 04:20:00,26.9
2024-05-22 04:21:00,26.9
2024-05-22 04:22:00,26.8
2024-05-22 04:23:00,26.9
2024-05-22 04:24:00,26.9
2024-05-22 04:25:00,26.9
2024-05-22 04:26:00,26.9
2024-05-22 04:27:00,26.9
2024-05-22 04:28:00,26.9
2024-05-22 04:29:00,26.9
2024-05-22 04:30:00,26.9
2024-05-22 04:31:00,26.9
2024-05-22 04:32:00,26.9
2024-05-22 04:33:00,26.9
2024-05-22 04:34:00,26.9
2024-05-22 04:35:00,27.0
2024-05-22 04:36:00,27.0
2024-05-22 04:37:00,27.0
2024-05-22 04:38:00,27.0
2024-05-22 04:39:00,26.9
2024-05-22 04:40:00,27.0
2024-05-22 04:41:00,27.0
2024-05-22 04:42:00,27.0
2024-05-22 04:43:00,27.0
2024-05-22 04:44:00,27.0
2024-05-22 04:45:00,27.0
2024-05-22 04:46:00,27.0
2024-05-22 04:47:00,27.0
2024-05-22 04:48:00,27.0
2024-05-22 04:49:00,27.0
2024-05-22 04:50:00,27.0
2024-05-22 04:51:00,27.0
2024-05-22 04:52:00,27.0
2024-05-22 04:53:00,27.0
2024-05-22 04:54:00,27.0
2024-05-22 04:55:00,27.0
2024-05-22 04:56:00,27.0
2024-05-22 04:57:00,27.0
2024-05-22 04:58:00,27.0
2024-05-22 04:59:00,27.0
2024-05-22 05:00:00,27.0
2024-05-22 05:01:00,27.0
2024-05-22 05:02:00,27.0
2024-05-22 05:03:00,27.0
2024-05-22 05:04:00,27.0
2024-05-22 05:05:00,27.0
2024-05-22 05:06:00,27.0
2024-05-22 05:07:00,27.0
2024-05-22 05:08:00,27.0
2024-05-22 05:09:00,27.0
2024-05-22 05:10:00,27.0
2024-05-22 05:11:00,27.0
2024-05-22 05:12:00,27.0
2024-05-22 05:13:00,27.0
2024-05-22 05:14:00,27.0
2024-05-22 05:15:00,27.0
2024-05-22 05:16:00,27.0
2024-05-22 05:17:00,27.0
2024-05-22 05:18:00,27.0
2024-05-22 05:19:00,27.0
2024-05-22 05:20:00,27.0
2024-05-22 05:21:00,27.0
2024-05-22 05:22:00,27.0
2024-05-22 05:23:00,27.0
2024-05-22 05:24:00,27.0
2024-05-22 05:25:00,27.0
2024-05-22 05:26:00,27.0
2024-05-22 05:27:00,27.0
2024-05-22 05:28:00,27.0
2024-05-22 05:29:00,27.1
2024-05-22 05:30:00,27.0
2024-05-22 05:31:00,27.0
2024-05-22 05:32:00,27.0
2024-05-22 05:33:00,27.0
2024-05-22 05:34:00,27.0
2024-05-22 05:35:00,27.0
2024-05-22 05:36:00,27.0
2024-05-22 05:37:00,27.0
2024-05-22 05:38:00,27.0
2024-05-22 05:39:00,27.0
2024-05-22 05:40:00,27.0
2024-05-22 05:41:00,27.0
2024-05-22 05:42:00,27.0
2024-05-22 05:43:00,27.0
2024-05-22 05:44:00,26.9
2024-05-22 05:45:00,26.9
2024-05-22 05:46:00,26.9
2024-05-22 05:47:00,27.0
2024-05-22 05:48:00,27.0
2024-05-22 05:49:00,27.0
2024-05-22 05:50:00,27.0
2024-05-22 05:51:00,27.0
2024-05-22 05:52:00,27.0
2024-05-22 05:53:00,27.0
2024-05-22 05:54:00,27.0
2024-05-22 05:55:00,26.9
2024-05-22 05:56:00,27.0
2024-05-22 05:57:00,27.0
2024-05-22 05:58:00,27.0
2024-05-22 05:59:00,27.0
2024-05-22 06:00:00,27.0
2024-05-22 06:01:00,27.0
2024-05-22 06:02:00,27.0
2024-05-22 06:03:00,27.0
2024-05-22 06:04:00,27.0
2024-05-22 06:05:00,27.0
2024-05-22 06:06:00,27.0
2024-05-22 06:07:00,27.0
2024-05-22 06:08:00,27.0
2024-05-22 06:09:00,27.0
2024-05-22 06:10:00,27.0
2024-05-22 06:11:00,27.0
2024-05-22 06:12:00,27.0
2024-05-22 06:13:00,27.0
2024-05-22 06:14:00,27.0
2024-05-22 06:15:00,27.0
2024-05-22 06:16:00,27.1
2024-05-22 06:17:00,27.1
2024-05-22 06:18:00,27.0
2024-05-22 06:19:00,27.0
2024-05-22 06:20:00,27.0
2024-05-22 06:21:00,27.0
2024-05-22 06:22:00,27.0
2024-05-22 06:23:00,27.0
2024-05-22 06:24:00,27.1
2024-05-22 06:25:00,27.1
2024-05-22 06:26:00,27.1
2024-05-22 06:27:00,27.1
2024-05-22 06:28:00,27.1
2024-05-22 06:29:00,27.1
2024-05-22 06:30:00,27.1
2024-05-22 06:31:00,27.1
2024-05-22 06:32:00,27.1
2024-05-22 06:33:00,27.1
2024-05-22 06:34:00,27.1
2024-05-22 06:35:00,27.2
2024-05-22 06:36:00,27.1
2024-05-22 06:37:00,27.1
2024-05-22 06:38:00,27.1
2024-05-22 06:39:00,27.1
2024-05-22 06:40:00,27.1
2024-05-22 06:41:00,27.2
2024-05-22 06:42:00,27.1
2024-05-22 06:43:00,27.1
2024-05-22 06:44:00,27.1
2024-05-22 06:45:00,27.1
2024-05-22 06:46:00,27.1
2024-05-22 06:47:00,27.2
2024-05-22 06:48:00,27.2
2024-05-22 06:49:00,27.3
2024-05-22 06:50:00,27.2
2024-05-22 06:51:00,27.3
2024-05-22 06:52:00,27.2
2024-05-22 06:53:00,27.3
2024-05-22 06:54:00,27.3
2024-05-22 06:55:00,27.3
2024-05-22 06:56:00,27.3
2024-05-22 06:57:00,27.3
2024-05-22 06:58:00,27.3
2024-05-22 06:59:00,27.3
2024-05-22 07:00:00,27.3
2024-05-22 07:01:00,27.4
2024-05-22 07:02:00,27.4
2024-05-22 07:03:00,27.4
2024-05-22 07:04:00,27.4
2024-05-22 07:05:00,27.4
2024-05-22 07:06:00,27.5
2024-05-22 07:07:00,27.5
2024-05-22 07:08:00,27.3
2024-05-22 07:09:00,27.4
2024-05-22 07:10:00,27.4
2024-05-22 07:11:00,27.5
2024-05-22 07:12:00,27.5
2024-05-22 07:13:00,27.5
2024-05-22 07:14:00,27.5
2024-05-22 07:15:00,27.5
2024-05-22 07:16:00,27.5
2024-05-22 07:17:00,27.6
2024-05-22 07:18:00,27.6
2024-05-22 07:19:00,27.6
2024-05-22 07:20:00,27.6
2024-05-22 07:21:00,27.5
2024-05-22 07:22:00,27.6
2024-05-22 07:23:00,27.6
2024-05-22 07:24:00,27.6
2024-05-22 07:25:00,27.6
2024-05-22 07:26:00,27.6
2024-05-22 07:27:00,27.6
2024-05-22 07:28:00,27.6
2024-05-22 07:29:00,27.6
2024-05-22 07:30:00,27.6
2024-05-22 07:31:00,27.6
2024-05-22 07:32:00,27.7
2024-05-22 07:33:00,27.7
2024-05-22 07:34:00,27.7
2024-05-22 07:35:00,27.7
2024-05-22 07:36:00,27.7
2024-05-22 07:37:00,27.7
2024-05-22 07:38:00,27.8
2024-05-22 07:39:00,27.8
2024-05-22 07:40:00,27.8
2024-05-22 07:41:00,27.9
2024-05-22 07:42:00,28.0
2024-05-22 07:43:00,28.1
2024-05-22 07:44:00,28.1
2024-05-22 07:45:00,28.2
2024-05-22 07:46:00,28.2
2024-05-22 07:47:00,28.2
2024-05-22 07:48:00,28.2
2024-05-22 07:49:00,28.3
2024-05-22 07:50:00,28.3
2024-05-22 07:51:00,28.5
2024-05-22 07:52:00,28.5
2024-05-22 07:53:00,28.6
2024-05-22 07:54:00,28.5
2024-05-22 07:55:00,28.5
2024-05-22 07:56:00,28.5
2024-05-22 07:57:00,28.7
2024-05-22 07:58:00,28.8
2024-05-22 07:59:00,28.6
2024-05-22 08:00:00,28.8
2024-05-22 08:01:00,29.0
2024-05-22 08:02:00,29.1
2024-05-22 08:03:00,29.2
2024-05-22 08:04:00,29.2
2024-05-22 08:05:00,29.3
2024-05-22 08:06:00,29.3
2024-05-22 08:07:00,29.3
2024-05-22 08:08:00,29.1
2024-05-22 08:09:00,29.0
2024-05-22 08:10:00,28.8
2024-05-22 08:11:00,28.8
2024-05-22 08:12:00,28.8
2024-05-22 08:13:00,29.0
2024-05-22 08:14:00,29.1
2024-05-22 08:15:00,29.1
2024-05-22 08:16:00,29.1
2024-05-22 08:17:00,29.3
2024-05-22 08:18:00,29.2
2024-05-22 08:19:00,29.0
2024-05-22 08:20:00,28.9
2024-05-22 08:21:00,28.9
2024-05-22 08:22:00,29.0
2024-05-22 08:23:00,29.1
2024-05-22 08:24:00,29.2
2024-05-22 08:25:00,29.3
2024-05-22 08:26:00,29.3
2024-05-22 08:27:00,29.4
2024-05-22 08:28:00,29.5
2024-05-22 08:29:00,29.6
2024-05-22 08:30:00,29.8
2024-05-22 08:31:00,29.8
2024-05-22 08:32:00,30.0
2024-05-22 08:33:00,30.1
2024-05-22 08:34:00,30.3
2024-05-22 08:35:00,30.3
2024-05-22 08:36:00,30.2
2024-05-22 08:37:00,30.1
2024-05-22 08:38:00,30.1
2024-05-22 08:39:00,30.4
2024-05-22 08:40:00,30.6
2024-05-22 08:41:00,30.7
2024-05-22 08:42:00,30.8
2024-05-22 08:43:00,30.7
2024-05-22 08:44:00,30.9
2024-05-22 08:45:00,31.0
2024-05-22 08:46:00,31.1
2024-05-22 08:47:00,31.3
2024-05-22 08:48:00,31.2
2024-05-22 08:49:00,31.1
2024-05-22 08:50:00,30.9
2024-05-22 08:51:00,30.8
2024-05-22 08:52:00,30.9
2024-05-22 08:53:00,30.9
2024-05-22 08:54:00,30.9
2024-05-22 08:55:00,31.0
2024-05-22 08:56:00,31.1
2024-05-22 08:57:00,31.1
2024-05-22 08:58:00,30.9
2024-05-22 08:59:00,30.8
2024-05-22 09:00:00,30.8
2024-05-22 09:01:00,30.9
2024-05-22 09:02:00,31.2
2024-05-22 09:03:00,31.3
2024-05-22 09:04:00,31.4
2024-05-22 09:05:00,31.6
2024-05-22 09:06:00,31.5
2024-05-22 09:07:00,31.2
2024-05-22 09:08:00,31.0
2024-05-22 09:09:00,30.4
2024-05-22 09:10:00,30.2
2024-05-22 09:11:00,30.5
2024-05-22 09:12:00,30.3
2024-05-22 09:13:00,30.3
2024-05-22 09:14:00,30.5
2024-05-22 09:15:00,30.1
2024-05-22 09:16:00,29.8
2024-05-22 09:17:00,30.1
2024-05-22 09:18:00,30.0
2024-05-22 09:19:00,30.0
2024-05-22 09:20:00,29.8
2024-05-22 09:21:00,29.9
2024-05-22 09:22:00,30.1
2024-05-22 09:23:00,30.0
2024-05-22 09:24:00,30.3
2024-05-22 09:25:00,30.6
2024-05-22 09:26:00,30.8
2024-05-22 09:27:00,30.8
2024-05-22 09:28:00,30.8
2024-05-22 09:29:00,31.0
2024-05-22 09:30:00,31.1
2024-05-22 09:31:00,31.3
2024-05-22 09:32:00,31.4
2024-05-22 09:33:00,31.5
2024-05-22 09:34:00,31.5
2024-05-22 09:35:00,31.6
2024-05-22 09:36:00,31.3
2024-05-22 09:37:00,31.1
2024-05-22 09:38:00,31.5
2024-05-22 09:39:00,31.6
2024-05-22 09:40:00,30.9
2024-05-22 09:41:00,30.6
2024-05-22 09:42:00,30.4
2024-05-22 09:43:00,30.0
2024-05-22 09:44:00,29.9
2024-05-22 09:45:00,29.8
2024-05-22 09:46:00,29.8
2024-05-22 09:47:00,29.8
2024-05-22 09:48:00,29.8
2024-05-22 09:49:00,29.5
2024-05-22 09:50:00,29.5
2024-05-22 09:51:00,29.8
2024-05-22 09:52:00,29.7
2024-05-22 09:53:00,29.8
2024-05-22 09:54:00,29.8
2024-05-22 09:55:00,29.8
2024-05-22 09:56:00,30.0
2024-05-22 09:57:00,30.2
2024-05-22 09:58:00,30.3
2024-05-22 09:59:00,30.0
2024-05-22 10:00:00,30.1
2024-05-22 10:01:00,30.0
2024-05-22 10:02:00,30.4
2024-05-22 10:03:00,30.7
2024-05-22 10:04:00,31.0
2024-05-22 10:05:00,31.0
2024-05-22 10:06:00,30.8
2024-05-22 10:07:00,31.0
2024-05-22 10:08:00,31.1
2024-05-22 10:09:00,31.2
2024-05-22 10:10:00,31.4
2024-05-22 10:11:00,31.7
2024-05-22 10:12:00,31.6
2024-05-22 10:13:00,31.8
2024-05-22 10:14:00,31.8
2024-05-22 10:15:00,31.6
2024-05-22 10:16:00,31.8
2024-05-22 10:17:00,31.9
2024-05-22 10:18:00,32.2
2024-05-22 10:19:00,32.3
2024-05-22 10:20:00,32.5
2024-05-22 10:21:00,32.5
2024-05-22 10:22:00,32.5
2024-05-22 10:23:00,32.5
2024-05-22 10:24:00,32.5
2024-05-22 10:25:00,32.5
2024-05-22 10:26:00,32.1
2024-05-22 10:27:00,32.5
2024-05-22 10:28:00,32.7
2024-05-22 10:29:00,32.8
2024-05-22 10:30:00,32.6
2024-05-22 10:31:00,32.2
2024-05-22 10:32:00,32.2
2024-05-22 10:33:00,32.7
2024-05-22 10:34:00,32.8
2024-05-22 10:35:00,32.8
2024-05-22 10:36:00,33.0
2024-05-22 10:37:00,33.3
2024-05-22 10:38:00,33.5
2024-05-22 10:39:00,33.5
2024-05-22 10:40:00,33.6
2024-05-22 10:41:00,33.5
2024-05-22 10:42:00,33.0
2024-05-22 10:43:00,33.2
2024-05-22 10:44:00,33.5
2024-05-22 10:45:00,33.3
2024-05-22 10:46:00,33.1
2024-05-22 10:47:00,32.5
2024-05-22 10:48:00,32.3
2024-05-22 10:49:00,32.6
2024-05-22 10:50:00,32.3
2024-05-22 10:51:00,32.1
2024-05-22 10:52:00,32.1
2024-05-22 10:53:00,32.1
2024-05-22 10:54:00,31.8
2024-05-22 10:55:00,31.3
2024-05-22 10:56:00,31.1
2024-05-22 10:57:00,31.0
2024-05-22 10:58:00,30.7
2024-05-22 10:59:00,30.8
2024-05-22 11:00:00,30.8
2024-05-22 11:01:00,30.9
2024-05-22 11:02:00,30.9
2024-05-22 11:03:00,31.0
2024-05-22 11:04:00,31.0
2024-05-22 11:05:00,31.1
2024-05-22 11:06:00,31.4
2024-05-22 11:07:00,31.5
2024-05-22 11:08:00,31.6
2024-05-22 11:09:00,32.0
2024-05-22 11:10:00,32.2
2024-05-22 11:11:00,32.4
2024-05-22 11:12:00,32.5
2024-05-22 11:13:00,32.6
2024-05-22 11:14:00,32.4
2024-05-22 11:15:00,32.6
2024-05-22 11:16:00,32.8
2024-05-22 11:17:00,32.8
2024-05-22 11:18:00,32.3
2024-05-22 11:19:00,31.7
2024-05-22 11:20:00,31.8
2024-05-22 11:21:00,32.0
2024-05-22 11:22:00,32.0
2024-05-22 11:23:00,32.1
2024-05-22 11:24:00,32.4
2024-05-22 11:25:00,32.5
2024-05-22 11:26:00,32.1
2024-05-22 11:27:00,32.3
2024-05-22 11:28:00,32.6
2024-05-22 11:29:00,32.8
2024-05-22 11:30:00,32.6
2024-05-22 11:31:00,32.4
2024-05-22 11:32:00,32.5
2024-05-22 11:33:00,32.7
2024-05-22 11:34:00,32.8
2024-05-22 11:35:00,32.8
2024-05-22 11:36:00,33.0
2024-05-22 11:37:00,32.8
2024-05-22 11:38:00,32.8
2024-05-22 11:39:00,32.9
2024-05-22 11:40:00,32.8
2024-05-22 11:41:00,32.5
2024-05-22 11:42:00,32.4
2024-05-22 11:43:00,32.3
2024-05-22 11:44:00,31.8
2024-05-22 11:45:00,31.5
2024-05-22 11:46:00,31.3
2024-05-22 11:47:00,31.1
2024-05-22 11:48:00,31.3
2024-05-22 11:49:00,31.3
2024-05-22 11:50:00,31.5
2024-05-22 11:51:00,31.6
2024-05-22 11:52:00,31.8
2024-05-22 11:53:00,31.8
2024-05-22 11:54:00,32.0
2024-05-22 11:55:00,32.0
2024-05-22 11:56:00,32.0
2024-05-22 11:57:00,32.1
2024-05-22 11:58:00,32.2
2024-05-22 11:59:00,32.0
2024-05-22 12:00:00,32.0
2024-05-22 12:01:00,32.0
2024-05-22 12:02:00,31.9
2024-05-22 12:03:00,32.0
2024-05-22 12:04:00,32.1
2024-05-22 12:05:00,32.1
2024-05-22 12:06:00,32.1
2024-05-22 12:07:00,32.1
2024-05-22 12:08:00,31.8
2024-05-22 12:09:00,31.8
2024-05-22 12:10:00,31.8
2024-05-22 12:11:00,31.8
2024-05-22 12:12:00,31.7
2024-05-22 12:13:00,31.2
2024-05-22 12:14:00,31.1
2024-05-22 12:15:00,31.1
2024-05-22 12:16:00,31.2
2024-05-22 12:17:00,31.2
2024-05-22 12:18:00,31.4
2024-05-22 12:19:00,31.5
2024-05-22 12:20:00,31.6
2024-05-22 12:21:00,31.8
2024-05-22 12:22:00,31.7
2024-05-22 12:23:00,31.5
2024-05-22 12:24:00,31.3
2024-05-22 12:25:00,31.3
2024-05-22 12:26:00,31.3
2024-05-22 12:27:00,31.4
2024-05-22 12:28:00,31.5
2024-05-22 12:29:00,31.6
2024-05-22 12:30:00,31.6
2024-05-22 12:31:00,31.5
2024-05-22 12:32:00,31.5
2024-05-22 12:33:00,31.6
2024-05-22 12:34:00,31.8
2024-05-22 12:35:00,31.8
2024-05-22 12:36:00,31.6
2024-05-22 12:37:00,31.8
2024-05-22 12:38:00,31.9
2024-05-22 12:39:00,32.0
2024-05-22 12:40:00,32.2
2024-05-22 12:41:00,32.3
2024-05-22 12:42:00,32.3
2024-05-22 12:43:00,32.1
2024-05-22 12:44:00,31.8
2024-05-22 12:45:00,32.1
2024-05-22 12:46:00,31.7
2024-05-22 12:47:00,31.9
2024-05-22 12:48:00,32.1
2024-05-22 12:49:00,31.9
2024-05-22 12:50:00,31.6
2024-05-22 12:51:00,31.5
2024-05-22 12:52:00,31.6
2024-05-22 12:53:00,31.8
2024-05-22 12:54:00,32.0
2024-05-22 12:55:00,31.9
2024-05-22 12:56:00,32.0
2024-05-22 12:57:00,32.1
2024-05-22 12:58:00,32.3
2024-05-22 12:59:00,32.3
2024-05-22 13:00:00,32.5
2024-05-22 13:01:00,32.6
2024-05-22 13:02:00,32.8
2024-05-22 13:03:00,32.8
2024-05-22 13:04:00,32.9
2024-05-22 13:05:00,32.5
2024-05-22 13:06:00,32.3
2024-05-22 13:07:00,32.3
2024-05-22 13:08:00,32.3
2024-05-22 13:09:00,32.1
2024-05-22 13:10:00,32.1
2024-05-22 13:11:00,32.2
2024-05-22 13:12:00,32.3
2024-05-22 13:13:00,32.3
2024-05-22 13:14:00,32.2
2024-05-22 13:15:00,32.5
2024-05-22 13:16:00,32.5
2024-05-22 13:17:00,32.8
2024-05-22 13:18:00,32.9
2024-05-22 13:19:00,33.0
2024-05-22 13:20:00,33.1
2024-05-22 13:21:00,33.1
2024-05-22 13:22:00,33.1
2024-05-22 13:23:00,33.0
2024-05-22 13:24:00,33.5
2024-05-22 13:25:00,33.8
2024-05-22 13:26:00,33.4
2024-05-22 13:27:00,33.0
2024-05-22 13:28:00,33.1
2024-05-22 13:29:00,32.9
2024-05-22 13:30:00,33.0
2024-05-22 13:31:00,33.1
2024-05-22 13:32:00,33.3
2024-05-22 13:33:00,33.6
2024-05-22 13:34:00,34.0
2024-05-22 13:35:00,34.1
2024-05-22 13:36:00,33.9
2024-05-22 13:37:00,33.8
2024-05-22 13:38:00,33.2
2024-05-22 13:39:00,33.2
2024-05-22 13:40:00,33.0
2024-05-22 13:41:00,33.0
2024-05-22 13:42:00,33.0
2024-05-22 13:43:00,32.8
2024-05-22 13:44:00,32.8
2024-05-22 13:45:00,33.1
2024-05-22 13:46:00,33.3
2024-05-22 13:47:00,33.3
2024-05-22 13:48:00,33.4
2024-05-22 13:49:00,33.2
2024-05-22 13:50:00,33.3
2024-05-22 13:51:00,33.1
2024-05-22 13:52:00,32.8
2024-05-22 13:53:00,32.8
2024-05-22 13:54:00,32.5
2024-05-22 13:55:00,32.6
2024-05-22 13:56:00,32.8
2024-05-22 13:57:00,32.8
2024-05-22 13:58:00,33.0
2024-05-22 13:59:00,33.3
2024-05-22 14:00:00,33.4
2024-05-22 14:01:00,33.5
2024-05-22 14:02:00,33.3
2024-05-22 14:03:00,33.1
2024-05-22 14:04:00,32.9
2024-05-22 14:05:00,32.8
2024-05-22 14:06:00,32.8
2024-05-22 14:07:00,32.9
2024-05-22 14:08:00,32.8
2024-05-22 14:09:00,32.9
2024-05-22 14:10:00,33.1
2024-05-22 14:11:00,33.0
2024-05-22 14:12:00,33.2
2024-05-22 14:13:00,33.2
2024-05-22 14:14:00,33.1
2024-05-22 14:15:00,33.1
2024-05-22 14:16:00,33.3
2024-05-22 14:17:00,33.8
2024-05-22 14:18:00,33.9
2024-05-22 14:19:00,34.1
2024-05-22 14:20:00,33.4
2024-05-22 14:21:00,32.6
2024-05-22 14:22:00,32.3
2024-05-22 14:23:00,32.4
2024-05-22 14:24:00,32.6
2024-05-22 14:25:00,32.9
2024-05-22 14:26:00,32.5
2024-05-22 14:27:00,32.6
2024-05-22 14:28:00,32.7
2024-05-22 14:29:00,32.4
2024-05-22 14:30:00,32.5
2024-05-22 14:31:00,32.8
2024-05-22 14:32:00,33.1
2024-05-22 14:33:00,32.8
2024-05-22 14:34:00,32.6
2024-05-22 14:35:00,32.7
2024-05-22 14:36:00,33.1
2024-05-22 14:37:00,32.9
2024-05-22 14:38:00,32.9
2024-05-22 14:39:00,32.6
2024-05-22 14:40:00,33.0
2024-05-22 14:41:00,33.1
2024-05-22 14:42:00,33.0
2024-05-22 14:43:00,33.0
2024-05-22 14:44:00,32.9
2024-05-22 14:45:00,33.1
2024-05-22 14:46:00,33.3
2024-05-22 14:47:00,33.1
2024-05-22 14:48:00,33.0
2024-05-22 14:49:00,33.2
2024-05-22 14:50:00,33.2
2024-05-22 14:51:00,33.3
2024-05-22 14:52:00,33.3
2024-05-22 14:53:00,33.5
2024-05-22 14:54:00,33.4
2024-05-22 14:55:00,33.2
2024-05-22 14:56:00,33.5
2024-05-22 14:57:00,33.6
2024-05-22 14:58:00,33.5
2024-05-22 14:59:00,33.4
2024-05-22 15:00:00,33.4
2024-05-22 15:01:00,33.3
2024-05-22 15:02:00,33.4
2024-05-22 15:03:00,33.4
2024-05-22 15:04:00,33.4
2024-05-22 15:05:00,33.5
2024-05-22 15:06:00,33.6
2024-05-22 15:07:00,33.5
2024-05-22 15:08:00,33.0
2024-05-22 15:09:00,33.0
2024-05-22 15:10:00,32.8
2024-05-22 15:11:00,32.8
2024-05-22 15:12:00,32.7
2024-05-22 15:13:00,32.6
2024-05-22 15:14:00,32.9
2024-05-22 15:15:00,33.0
2024-05-22 15:16:00,33.3
2024-05-22 15:17:00,33.6
2024-05-22 15:18:00,33.6
2024-05-22 15:19:00,33.4
2024-05-22 15:20:00,33.0
2024-05-22 15:21:00,33.1
2024-05-22 15:22:00,33.3
2024-05-22 15:23:00,33.2
2024-05-22 15:24:00,33.2
2024-05-22 15:25:00,33.2
2024-05-22 15:26:00,33.3
2024-05-22 15:27:00,33.3
2024-05-22 15:28:00,33.1
2024-05-22 15:29:00,33.3
2024-05-22 15:30:00,33.1
2024-05-22 15:31:00,33.2
2024-05-22 15:32:00,33.3
2024-05-22 15:33:00,33.1
2024-05-22 15:34:00,33.2
2024-05-22 15:35:00,32.8
2024-05-22 15:36:00,33.2
2024-05-22 15:37:00,33.0
2024-05-22 15:38:00,33.0
2024-05-22 15:39:00,33.0
2024-05-22 15:40:00,33.2
2024-05-22 15:41:00,33.4
2024-05-22 15:42:00,33.3
2024-05-22 15:43:00,33.1
2024-05-22 15:44:00,33.3
2024-05-22 15:45:00,33.3
2024-05-22 15:46:00,32.6
2024-05-22 15:47:00,32.8
2024-05-22 15:48:00,33.1
2024-05-22 15:49:00,33.4
2024-05-22 15:50:00,33.2
2024-05-22 15:51:00,33.3
2024-05-22 15:52:00,33.5
2024-05-22 15:53:00,33.3
2024-05-22 15:54:00,33.2
2024-05-22 15:55:00,33.5
2024-05-22 15:56:00,33.8
2024-05-22 15:57:00,34.0
2024-05-22 15:58:00,33.6
2024-05-22 15:59:00,33.5
2024-05-22 16:00:00,33.6
2024-05-22 16:01:00,34.0
2024-05-22 16:02:00,34.1
2024-05-22 16:03:00,34.1
2024-05-22 16:04:00,34.1
2024-05-22 16:05:00,34.2
2024-05-22 16:06:00,33.6
2024-05-22 16:07:00,33.5
2024-05-22 16:08:00,33.0
2024-05-22 16:09:00,32.9
2024-05-22 16:10:00,32.8
2024-05-22 16:11:00,33.1
2024-05-22 16:12:00,32.9
2024-05-22 16:13:00,32.8
2024-05-22 16:14:00,32.8
2024-05-22 16:15:00,32.6
2024-05-22 16:16:00,32.5
2024-05-22 16:17:00,32.3
2024-05-22 16:18:00,32.2
2024-05-22 16:19:00,32.3
2024-05-22 16:20:00,32.2
2024-05-22 16:21:00,32.3
2024-05-22 16:22:00,32.6
2024-05-22 16:23:00,32.7
2024-05-22 16:24:00,32.8
2024-05-22 16:25:00,32.8
2024-05-22 16:26:00,32.9
2024-05-22 16:27:00,32.8
2024-05-22 16:28:00,32.6
2024-05-22 16:29:00,32.8
2024-05-22 16:30:00,32.8
2024-05-22 16:31:00,32.7
2024-05-22 16:32:00,32.9
2024-05-22 16:33:00,33.0
2024-05-22 16:34:00,32.9
2024-05-22 16:35:00,32.7
2024-05-22 16:36:00,32.8
2024-05-22 16:37:00,32.9
2024-05-22 16:38:00,32.8
2024-05-22 16:39:00,32.8
2024-05-22 16:40:00,33.0
2024-05-22 16:41:00,33.0
2024-05-22 16:42:00,33.0
2024-05-22 16:43:00,32.9
2024-05-22 16:44:00,33.0
2024-05-22 16:45:00,32.8
2024-05-22 16:46:00,32.8
2024-05-22 16:47:00,32.7
2024-05-22 16:48:00,32.6
2024-05-22 16:49:00,32.6
2024-05-22 16:50:00,32.6
2024-05-22 16:51:00,32.6
2024-05-22 16:52:00,32.6
2024-05-22 16:53:00,32.6
2024-05-22 16:54:00,32.8
2024-05-22 16:55:00,32.8
2024-05-22 16:56:00,32.8
2024-05-22 16:57:00,32.8
2024-05-22 16:58:00,32.8
2024-05-22 16:59:00,32.8
2024-05-22 17:00:00,32.9
2024-05-22 17:01:00,32.9
2024-05-22 17:02:00,33.0
2024-05-22 17:03:00,33.0
2024-05-22 17:04:00,32.9
2024-05-22 17:05:00,32.5
2024-05-22 17:06:00,32.3
2024-05-22 17:07:00,32.3
2024-05-22 17:08:00,32.3
2024-05-22 17:09:00,32.3
2024-05-22 17:10:00,32.3
2024-05-22 17:11:00,32.3
2024-05-22 17:12:00,32.2
2024-05-22 17:13:00,32.1
2024-05-22 17:14:00,32.3
2024-05-22 17:15:00,32.2
2024-05-22 17:16:00,32.3
2024-05-22 17:17:00,32.5
2024-05-22 17:18:00,32.5
2024-05-22 17:19:00,32.6
2024-05-22 17:20:00,32.6
2024-05-22 17:21:00,32.5
2024-05-22 17:22:00,32.5
2024-05-22 17:23:00,32.5
2024-05-22 17:24:00,32.5
2024-05-22 17:25:00,32.4
2024-05-22 17:26:00,32.5
2024-05-22 17:27:00,32.5
2024-05-22 17:28:00,32.6
2024-05-22 17:29:00,32.5
2024-05-22 17:30:00,32.5
2024-05-22 17:31:00,32.4
2024-05-22 17:32:00,32.4
2024-05-22 17:33:00,32.3
2024-05-22 17:34:00,32.4
2024-05-22 17:35:00,32.5
2024-05-22 17:36:00,32.4
2024-05-22 17:37:00,32.1
2024-05-22 17:38:00,32.0
2024-05-22 17:39:00,31.8
2024-05-22 17:40:00,31.8
2024-05-22 17:41:00,31.8
2024-05-22 17:42:00,31.8
2024-05-22 17:43:00,31.8
2024-05-22 17:44:00,31.8
2024-05-22 17:45:00,31.8
2024-05-22 17:46:00,31.8
2024-05-22 17:47:00,31.8
2024-05-22 17:48:00,31.9
2024-05-22 17:49:00,31.8
2024-05-22 17:50:00,31.9
2024-05-22 17:51:00,32.0
2024-05-22 17:52:00,32.0
2024-05-22 17:53:00,31.8
2024-05-22 17:54:00,31.7
2024-05-22 17:55:00,31.6
2024-05-22 17:56:00,31.6
2024-05-22 17:57:00,31.7
2024-05-22 17:58:00,31.7
2024-05-22 17:59:00,31.6
2024-05-22 18:00:00,31.7
2024-05-22 18:01:00,31.7
2024-05-22 18:02:00,31.7
2024-05-22 18:03:00,31.7
2024-05-22 18:04:00,31.6
2024-05-22 18:05:00,31.7
2024-05-22 18:06:00,31.7
2024-05-22 18:07:00,31.5
2024-05-22 18:08:00,31.5
2024-05-22 18:09:00,31.3
2024-05-22 18:10:00,31.3
2024-05-22 18:11:00,31.3
2024-05-22 18:12:00,31.3
2024-05-22 18:13:00,31.4
2024-05-22 18:14:00,31.5
2024-05-22 18:15:00,31.4
2024-05-22 18:16:00,31.4
2024-05-22 18:17:00,31.2
2024-05-22 18:18:00,31.1
2024-05-22 18:19:00,31.1
2024-05-22 18:20:00,31.1
2024-05-22 18:21:00,31.0
2024-05-22 18:22:00,31.1
2024-05-22 18:23:00,31.1
2024-05-22 18:24:00,31.0
2024-05-22 18:25:00,31.1
2024-05-22 18:26:00,31.1
2024-05-22 18:27:00,31.0
2024-05-22 18:28:00,31.0
2024-05-22 18:29:00,31.0
2024-05-22 18:30:00,31.0
2024-05-22 18:31:00,31.0
2024-05-22 18:32:00,31.0
2024-05-22 18:33:00,31.1
2024-05-22 18:34:00,31.1
2024-05-22 18:35:00,31.1
2024-05-22 18:36:00,31.0
2024-05-22 18:37:00,31.0
2024-05-22 18:38:00,30.9
2024-05-22 18:39:00,30.8
2024-05-22 18:40:00,30.8
2024-05-22 18:41:00,30.9
2024-05-22 18:42:00,30.8
2024-05-22 18:43:00,30.9
2024-05-22 18:44:00,30.9
2024-05-22 18:45:00,30.8
2024-05-22 18:46:00,30.8
2024-05-22 18:47:00,30.8
2024-05-22 18:48:00,30.8
2024-05-22 18:49:00,30.8
2024-05-22 18:50:00,30.8
2024-05-22 18:51:00,30.8
2024-05-22 18:52:00,30.8
2024-05-22 18:53:00,30.8
2024-05-22 18:54:00,30.8
2024-05-22 18:55:00,30.8
2024-05-22 18:56:00,30.8
2024-05-22 18:57:00,30.8
2024-05-22 18:58:00,30.8
2024-05-22 18:59:00,30.8
2024-05-22 19:00:00,30.8
2024-05-22 19:01:00,30.9
2024-05-22 19:02:00,30.8
2024-05-22 19:03:00,30.7
2024-05-22 19:04:00,30.7
2024-05-22 19:05:00,30.7
2024-05-22 19:06:00,30.8
2024-05-22 19:07:00,30.7
2024-05-22 19:08:00,30.7
2024-05-22 19:09:00,30.8
2024-05-22 19:10:00,30.7
2024-05-22 19:11:00,30.7
2024-05-22 19:12:00,30.8
2024-05-22 19:13:00,30.6
2024-05-22 19:14:00,30.6
2024-05-22 19:15:00,30.6
2024-05-22 19:16:00,30.6
2024-05-22 19:17:00,30.6
2024-05-22 19:18:00,30.6
2024-05-22 19:19:00,30.5
2024-05-22 19:20:00,30.6
2024-05-22 19:21:00,30.6
2024-05-22 19:22:00,30.6
2024-05-22 19:23:00,30.6
2024-05-22 19:24:00,30.6
2024-05-22 19:25:00,30.6
2024-05-22 19:26:00,30.6
2024-05-22 19:27:00,30.6
2024-05-22 19:28:00,30.6
2024-05-22 19:29:00,30.6
2024-05-22 19:30:00,30.6
2024-05-22 19:31:00,30.6
2024-05-22 19:32:00,30.6
2024-05-22 19:33:00,30.6
2024-05-22 19:34:00,30.6
2024-05-22 19:35:00,30.6
2024-05-22 19:36:00,30.6
2024-05-22 19:37:00,30.6
2024-05-22 19:38:00,30.6
2024-05-22 19:39:00,30.6
2024-05-22 19:40:00,30.6
2024-05-22 19:41:00,30.6
2024-05-22 19:42:00,30.5
2024-05-22 19:43:00,30.5
2024-05-22 19:44:00,30.5
2024-05-22 19:45:00,30.5
2024-05-22 19:46:00,30.5
2024-05-22 19:47:00,30.6
2024-05-22 19:48:00,30.5
2024-05-22 19:49:00,30.5
2024-05-22 19:50:00,30.6
2024-05-22 19:51:00,30.6
2024-05-22 19:52:00,30.5
2024-05-22 19:53:00,30.5
2024-05-22 19:54:00,30.5
2024-05-22 19:55:00,30.5
2024-05-22 19:56:00,30.6
2024-05-22 19:57:00,30.5
2024-05-22 19:58:00,30.5
2024-05-22 19:59:00,30.5
2024-05-22 20:00:00,30.6
2024-05-22 20:01:00,30.6
2024-05-22 20:02:00,30.6
2024-05-22 20:03:00,30.6
2024-05-22 20:04:00,30.6
2024-05-22 20:05:00,30.6
2024-05-22 20:06:00,30.6
2024-05-22 20:07:00,30.6
2024-05-22 20:08:00,30.5
2024-05-22 20:09:00,30.6
2024-05-22 20:10:00,30.5
2024-05-22 20:11:00,30.5
2024-05-22 20:12:00,30.6
2024-05-22 20:13:00,30.6
2024-05-22 20:14:00,30.5
2024-05-22 20:15:00,30.5
2024-05-22 20:16:00,30.5
2024-05-22 20:17:00,30.6
2024-05-22 20:18:00,30.6
2024-05-22 20:19:00,30.5
2024-05-22 20:20:00,30.6
2024-05-22 20:21:00,30.6
2024-05-22 20:22:00,30.6
2024-05-22 20:23:00,30.5
2024-05-22 20:24:00,30.5
2024-05-22 20:25:00,30.5
2024-05-22 20:26:00,30.5
2024-05-22 20:27:00,30.6
2024-05-22 20:28:00,30.6
2024-05-22 20:29:00,30.6
2024-05-22 20:30:00,30.6
2024-05-22 20:31:00,30.6
2024-05-22 20:32:00,30.6
2024-05-22 20:33:00,30.6
2024-05-22 20:34:00,30.6
2024-05-22 20:35:00,30.6
2024-05-22 20:36:00,30.6
2024-05-22 20:37:00,30.6
2024-05-22 20:38:00,30.6
2024-05-22 20:39:00,30.6
2024-05-22 20:40:00,30.5
2024-05-22 20:41:00,30.5
2024-05-22 20:42:00,30.6
2024-05-22 20:43:00,30.6
2024-05-22 20:44:00,30.6
2024-05-22 20:45:00,30.6
2024-05-22 20:46:00,30.6
2024-05-22 20:47:00,30.6
2024-05-22 20:48:00,30.6
2024-05-22 20:49:00,30.6
2024-05-22 20:50:00,30.6
2024-05-22 20:51:00,30.6
2024-05-22 20:52:00,30.5
2024-05-22 20:53:00,30.5
2024-05-22 20:54:00,30.5
2024-05-22 20:55:00,30.5
2024-05-22 20:56:00,30.5
2024-05-22 20:57:00,30.5
2024-05-22 20:58:00,30.5
2024-05-22 20:59:00,30.6
2024-05-22 21:00:00,30.6
2024-05-22 21:01:00,30.6
2024-05-22 21:02:00,30.6
2024-05-22 21:03:00,30.6
2024-05-22 21:04:00,30.6
2024-05-22 21:05:00,30.6
2024-05-22 21:06:00,30.5
2024-05-22 21:07:00,30.5
2024-05-22 21:08:00,30.5
2024-05-22 21:09:00,30.5
2024-05-22 21:10:00,30.5
2024-05-22 21:11:00,30.5
2024-05-22 21:12:00,30.5
2024-05-22 21:13:00,30.5
2024-05-22 21:14:00,30.3
2024-05-22 21:15:00,30.3
2024-05-22 21:16:00,30.1
2024-05-22 21:17:00,30.1
2024-05-22 21:18:00,30.1
2024-05-22 21:19:00,30.0
2024-05-22 21:20:00,30.0
2024-05-22 21:21:00,30.1
2024-05-22 21:22:00,30.0
2024-05-22 21:23:00,29.9
2024-05-22 21:24:00,30.0
2024-05-22 21:25:00,30.0
2024-05-22 21:26:00,30.0
2024-05-22 21:27:00,30.0
2024-05-22 21:28:00,29.9
2024-05-22 21:29:00,29.9
2024-05-22 21:30:00,30.0
2024-05-22 21:31:00,29.8
2024-05-22 21:32:00,29.6
2024-05-22 21:33:00,29.3
2024-05-22 21:34:00,29.2
2024-05-22 21:35:00,29.2
2024-05-22 21:36:00,29.1
2024-05-22 21:37:00,29.1
2024-05-22 21:38:00,29.1
2024-05-22 21:39:00,29.1
2024-05-22 21:40:00,29.1
2024-05-22 21:41:00,29.1
2024-05-22 21:42:00,29.1
2024-05-22 21:43:00,29.1
2024-05-22 21:44:00,29.1
2024-05-22 21:45:00,29.0
2024-05-22 21:46:00,29.1
2024-05-22 21:47:00,29.0
2024-05-22 21:48:00,29.0
2024-05-22 21:49:00,29.0
2024-05-22 21:50:00,29.0
2024-05-22 21:51:00,29.0
2024-05-22 21:52:00,29.0
2024-05-22 21:53:00,29.0
2024-05-22 21:54:00,29.0
2024-05-22 21:55:00,29.0
2024-05-22 21:56:00,29.0
2024-05-22 21:57:00,29.0
2024-05-22 21:58:00,29.0
2024-05-22 21:59:00,29.1
2024-05-22 22:00:00,29.0
2024-05-22 22:01:00,29.0
2024-05-22 22:02:00,29.0
2024-05-22 22:03:00,29.1
2024-05-22 22:04:00,29.0
2024-05-22 22:05:00,29.0
2024-05-22 22:06:00,29.0
2024-05-22 22:07:00,29.1
2024-05-22 22:08:00,29.0
2024-05-22 22:09:00,29.0
2024-05-22 22:10:00,29.0
2024-05-22 22:11:00,29.0
2024-05-22 22:12:00,29.0
2024-05-22 22:13:00,29.0
2024-05-22 22:14:00,29.1
2024-05-22 22:15:00,29.1
2024-05-22 22:16:00,29.1
2024-05-22 22:17:00,29.1
2024-05-22 22:18:00,29.1
2024-05-22 22:19:00,29.1
2024-05-22 22:20:00,29.0
2024-05-22 22:21:00,29.0
2024-05-22 22:22:00,29.0
2024-05-22 22:23:00,29.1
2024-05-22 22:24:00,29.1
2024-05-22 22:25:00,29.0
2024-05-22 22:26:00,29.0
2024-05-22 22:27:00,29.0
2024-05-22 22:28:00,29.0
2024-05-22 22:29:00,29.1
2024-05-22 22:30:00,29.1
2024-05-22 22:31:00,29.0
2024-05-22 22:32:00,29.0
2024-05-22 22:33:00,29.0
2024-05-22 22:34:00,29.1
2024-05-22 22:35:00,29.1
2024-05-22 22:36:00,29.0
2024-05-22 22:37:00,28.4
2024-05-22 22:38:00,28.0
2024-05-22 22:39:00,28.1
2024-05-22 22:40:00,27.8
2024-05-22 22:41:00,27.6
2024-05-22 22:42:00,27.5
2024-05-22 22:43:00,27.5
2024-05-22 22:44:00,27.5
2024-05-22 22:45:00,27.2
2024-05-22 22:46:00,27.3
2024-05-22 22:47:00,27.1
2024-05-22 22:48:00,26.9
2024-05-22 22:49:00,26.8
2024-05-22 22:50:00,26.8
2024-05-22 22:51:00,26.7
2024-05-22 22:52:00,26.6
2024-05-22 22:53:00,26.6
2024-05-22 22:54:00,26.6
2024-05-22 22:55:00,26.6
2024-05-22 22:56:00,26.7
2024-05-22 22:57:00,26.6
2024-05-22 22:58:00,26.5
2024-05-22 22:59:00,26.5
2024-05-22 23:00:00,26.3
2024-05-22 23:01:00,26.3
2024-05-22 23:02:00,26.3
2024-05-22 23:03:00,26.3
2024-05-22 23:04:00,26.1
2024-05-22 23:05:00,26.2
2024-05-22 23:06:00,26.3
2024-05-22 23:07:00,26.3
2024-05-22 23:08:00,26.3
2024-05-22 23:09:00,26.3
2024-05-22 23:10:00,26.5
2024-05-22 23:11:00,26.5
2024-05-22 23:12:00,26.5
2024-05-22 23:13:00,26.5
2024-05-22 23:14:00,26.5
2024-05-22 23:15:00,26.5
2024-05-22 23:16:00,26.4
2024-05-22 23:17:00,26.4
2024-05-22 23:18:00,26.3
2024-05-22 23:19:00,26.3
2024-05-22 23:20:00,26.4
2024-05-22 23:21:00,26.4
2024-05-22 23:22:00,26.4
2024-05-22 23:23:00,26.3
2024-05-22 23:24:00,26.3
2024-05-22 23:25:00,26.3
2024-05-22 23:26:00,26.3
2024-05-22 23:27:00,26.3
2024-05-22 23:28:00,26.2
2024-05-22 23:29:00,26.1
2024-05-22 23:30:00,26.1
2024-05-22 23:31:00,26.1
2024-05-22 23:32:00,26.2
2024-05-22 23:33:00,26.1
2024-05-22 23:34:00,26.1
2024-05-22 23:35:00,26.1
2024-05-22 23:36:00,26.1
2024-05-22 23:37:00,26.1
2024-05-22 23:38:00,26.1
2024-05-22 23:39:00,26.1
2024-05-22 23:40:00,26.1
2024-05-22 23:41:00,26.2
2024-05-22 23:42:00,26.2
2024-05-22 23:43:00,26.1
2024-05-22 23:44:00,26.1
2024-05-22 23:45:00,26.1
2024-05-22 23:46:00,26.2
2024-05-22 23:47:00,26.2
2024-05-22 23:48:00,26.2
2024-05-22 23:49:00,26.2
2024-05-22 23:50:00,26.3
2024-05-22 23:51:00,26.3
2024-05-22 23:52:00,26.3
2024-05-22 23:53:00,26.3
2024-05-22 23:54:00,26.3
2024-05-22 23:55:00,26.3
2024-05-22 23:56:00,26.3
2024-05-22 23:57:00,26.3
2024-05-22 23:58:00,26.3
2024-05-22 23:59:00,26.3
